513 521 531 541 554 565 578 589 599 607 615 620 624 628 632 634 637 641 644 649 652 656 660 663 664 666 666 666 665 665 666 667 668 668 667 666 662 659 656 652 649 645 642 639 637 634 631 627 624 621 618 615 614 614 613 614 615 617 620 623 626 629 628 626 
516 524 534 545 556 568 580 591 601 610 617 622 626 631 634 636 639 643 647 651 654 658 661 664 667 668 667 667 666 667 667 668 668 669 668 665 662 659 655 652 648 645 642 640 637 634 631 628 625 622 619 616 616 614 614 614 615 617 620 623 626 629 628 627 
521 529 540 549 560 571 583 594 604 612 619 624 629 633 636 638 641 644 648 652 655 659 662 666 667 668 668 667 667 667 668 668 669 669 668 665 662 659 655 651 648 645 642 639 637 634 631 628 626 623 620 618 617 615 615 615 616 617 620 622 626 628 628 627 
528 536 545 554 565 575 587 597 606 614 621 627 631 634 637 640 643 646 649 653 656 660 663 666 667 668 668 667 666 667 668 668 669 669 668 665 661 658 654 650 647 645 642 639 637 634 632 629 627 624 622 620 618 617 616 616 616 618 620 623 625 627 627 628 
537 544 552 560 570 580 591 600 609 616 624 629 633 636 639 642 644 647 651 654 657 661 663 666 667 667 667 667 666 666 667 668 669 668 667 664 661 657 653 650 647 644 641 639 637 634 632 630 628 626 624 622 620 618 617 617 617 618 620 622 624 625 627 629 
545 551 558 566 575 584 594 603 612 620 626 631 635 638 641 643 646 649 652 655 658 661 663 665 666 666 666 666 665 665 667 669 669 668 667 664 660 657 652 650 646 643 640 638 637 635 633 631 630 628 626 623 622 620 619 618 618 619 620 621 623 624 627 630 
555 560 566 573 581 590 599 607 615 622 628 633 636 640 642 645 647 650 652 656 658 661 662 664 664 665 665 664 664 664 666 668 669 668 667 663 660 656 653 649 645 642 640 638 636 635 633 633 631 629 627 625 624 622 620 619 620 619 620 621 622 622 625 628 
563 568 573 579 587 594 602 611 618 624 629 634 638 641 644 646 648 651 654 656 658 660 661 663 663 663 663 663 662 664 665 667 668 667 666 663 659 656 652 648 645 642 639 637 636 635 635 634 632 631 629 627 625 623 621 621 620 620 620 620 621 621 624 627 
572 576 580 586 592 599 607 614 620 626 631 635 639 642 645 647 650 653 655 657 658 660 661 661 662 662 662 662 662 663 664 666 668 667 666 662 660 656 651 647 644 641 639 637 636 636 635 634 633 632 630 628 626 624 623 622 621 620 620 620 620 621 623 626 
578 582 587 592 597 604 611 616 622 627 632 636 640 643 646 648 652 654 655 657 658 659 660 660 660 661 660 661 661 662 664 666 667 666 665 663 659 655 651 647 643 641 638 637 637 636 635 634 633 632 630 628 627 626 624 622 621 620 620 620 620 621 623 626 
585 589 593 598 603 608 614 619 624 628 633 637 641 644 647 650 652 654 656 657 658 659 659 659 659 659 660 660 660 661 663 665 666 666 666 663 659 655 651 647 643 641 638 638 637 636 635 634 633 632 630 628 628 626 624 622 621 621 620 620 621 621 624 627 
591 595 599 604 608 612 616 621 625 629 634 638 641 645 649 651 653 655 656 657 658 658 658 658 658 659 659 659 660 660 662 665 666 666 666 662 659 655 650 647 643 641 639 638 637 636 635 634 633 631 630 629 627 625 623 622 621 621 621 621 622 623 626 628 
596 600 605 608 611 615 619 622 626 630 635 638 642 646 649 652 654 656 657 658 658 658 658 658 659 659 659 659 660 661 663 665 667 666 665 662 659 655 651 647 644 642 640 638 637 635 634 633 632 630 629 627 626 624 623 622 621 621 622 622 624 625 628 631 
600 604 608 611 614 617 620 623 627 631 635 638 643 647 650 652 654 656 657 658 658 658 658 659 658 659 658 659 660 661 663 665 667 666 665 662 659 655 651 648 645 643 640 638 637 635 633 632 630 629 627 625 624 622 621 621 621 621 622 625 626 628 631 635 
604 607 611 613 616 618 621 624 628 631 635 640 643 647 650 652 655 656 657 658 658 658 659 659 658 659 659 659 660 661 663 665 667 666 665 662 659 656 652 649 646 643 641 638 637 634 632 630 630 627 625 623 622 620 620 620 620 622 625 627 629 631 635 640 
606 609 613 615 617 619 622 625 628 631 636 640 643 647 650 653 655 656 657 658 658 659 659 659 659 659 659 660 660 662 663 666 667 666 665 662 659 656 653 650 647 644 641 639 637 634 631 630 628 625 623 620 619 618 618 618 620 623 626 628 631 634 639 644 
608 611 614 616 618 620 623 625 629 633 637 640 644 647 650 653 655 656 658 658 659 660 659 659 659 660 660 660 661 663 665 667 667 666 665 662 660 658 654 651 648 645 642 639 637 634 631 629 626 623 620 618 616 616 616 617 620 623 627 630 634 637 643 649 
610 612 614 616 618 620 623 626 630 633 637 640 644 647 650 653 655 656 657 659 660 660 660 660 660 660 660 661 662 664 665 667 667 666 664 662 661 658 655 652 649 646 643 640 637 634 631 627 624 620 617 615 614 613 614 617 620 623 628 632 637 640 646 651 
610 611 613 615 618 620 623 627 631 634 637 641 644 647 650 652 654 656 658 659 660 660 660 660 660 661 661 662 664 665 666 667 667 666 664 663 661 659 656 653 650 647 643 640 638 634 630 626 622 618 615 613 612 611 614 616 619 623 629 634 639 643 647 652 
609 610 612 614 617 620 625 628 631 634 638 641 644 647 650 652 654 657 658 659 659 660 660 661 661 662 662 664 665 666 667 668 667 666 665 663 661 659 656 653 650 647 644 641 638 633 629 625 621 617 613 611 610 611 612 615 619 624 630 635 641 646 649 652 
608 609 610 613 617 621 625 629 632 636 639 642 645 648 650 652 655 657 658 659 660 661 661 662 662 663 664 665 666 667 668 667 667 667 665 663 661 659 656 654 651 648 645 641 637 633 628 624 620 615 612 609 609 610 611 614 619 624 630 637 642 648 651 653 
606 607 609 613 617 621 626 629 633 637 640 643 646 648 650 653 654 656 657 659 660 661 661 662 663 664 665 665 666 667 668 668 667 667 665 663 661 659 656 654 651 649 645 641 637 633 628 623 619 615 611 610 609 609 611 614 619 624 631 637 645 650 652 654 
603 604 607 612 617 621 626 631 635 638 642 644 646 648 651 653 654 655 657 658 659 661 662 663 664 665 665 666 666 667 668 667 667 666 665 663 661 659 656 654 652 649 645 641 637 633 628 623 619 615 612 610 609 609 611 614 619 625 631 639 645 650 654 657 
600 603 607 612 617 622 627 632 636 640 643 646 648 650 651 653 654 655 656 658 659 661 662 664 665 665 666 666 666 667 667 667 666 666 664 662 660 658 656 654 651 648 644 641 637 633 628 624 619 616 613 610 609 610 612 615 620 625 633 639 645 650 655 660 
597 601 606 611 617 623 629 634 638 642 645 647 650 651 652 653 654 655 656 658 659 661 663 664 665 666 666 666 666 667 667 667 666 665 664 662 660 658 656 653 651 648 644 641 637 633 628 624 621 617 614 611 611 611 613 615 620 626 633 639 645 649 652 655 
595 599 605 611 617 623 630 636 641 644 647 650 651 652 653 653 654 655 656 657 659 662 663 665 666 666 666 666 666 666 667 667 666 665 664 661 659 658 655 653 650 647 643 640 637 633 629 626 622 618 615 613 612 612 614 616 622 626 633 638 644 648 650 650 
592 598 604 610 617 624 632 638 643 647 651 652 653 653 653 653 654 655 656 657 660 662 664 665 666 667 667 666 666 666 667 666 666 665 664 661 659 657 654 652 649 646 643 640 637 633 630 627 623 620 617 615 614 614 615 619 622 627 632 637 643 647 649 650 
590 596 604 611 618 626 633 640 645 650 653 654 655 655 654 654 654 655 656 659 661 663 664 666 667 667 667 667 666 666 667 667 666 665 663 661 659 656 653 651 648 645 642 639 636 634 631 628 624 621 619 616 616 615 618 620 623 627 632 637 641 645 648 650 
588 595 604 611 619 627 635 642 649 653 655 657 657 656 656 655 655 656 658 659 661 664 665 667 668 668 668 667 667 667 667 667 665 665 663 661 658 656 653 650 647 644 641 639 637 634 631 628 626 623 620 618 617 618 619 621 624 627 632 636 640 644 647 649 
587 596 605 612 621 629 637 645 651 655 658 659 659 658 658 657 657 657 659 660 662 664 666 668 669 669 669 668 668 668 668 667 665 664 663 660 657 654 651 648 646 643 640 639 636 634 631 628 626 624 622 620 620 619 620 622 624 627 631 635 639 643 645 647 
586 596 605 614 624 633 642 649 654 657 659 660 660 660 659 658 658 658 659 661 663 665 666 668 669 669 669 669 668 668 668 667 665 664 662 659 656 653 650 647 645 642 640 638 636 634 631 628 626 624 623 621 621 621 622 623 626 628 630 632 633 636 638 640 
586 596 606 616 627 638 647 653 658 660 661 661 660 660 659 658 658 658 659 661 662 664 666 667 668 668 669 668 668 667 667 666 664 663 661 658 655 652 649 647 644 642 639 637 635 633 630 628 626 624 623 621 622 622 624 625 627 629 629 629 628 630 632 633 
586 596 609 621 633 645 653 658 661 661 661 661 660 659 659 658 659 659 659 660 662 663 664 666 667 667 668 667 666 666 666 665 663 662 659 656 653 650 647 645 643 641 638 636 634 632 629 627 625 623 622 621 621 622 623 625 626 626 624 620 616 608 604 603 
588 598 612 626 640 651 658 662 664 662 660 660 659 659 659 659 659 659 659 660 661 663 664 665 666 666 667 667 666 666 666 665 662 661 659 655 652 650 647 645 642 640 638 635 633 631 629 626 624 623 622 621 620 621 620 622 621 619 613 607 599 590 585 583 
590 602 616 632 646 657 664 666 666 663 660 658 658 659 659 659 659 659 659 660 661 662 663 664 665 665 666 666 665 665 665 664 662 660 658 654 652 649 647 645 643 641 638 636 634 632 629 626 624 623 622 621 619 618 617 618 615 611 602 592 581 570 564 560 
593 606 621 637 651 661 667 668 667 663 660 658 657 658 659 659 659 659 659 660 660 661 662 663 664 664 665 665 664 664 664 663 661 660 658 655 652 650 648 646 644 642 639 638 636 634 630 628 625 623 623 621 620 618 614 612 608 601 590 579 565 553 545 540 
596 610 627 642 655 664 669 669 668 663 659 657 656 658 659 659 660 660 660 660 661 662 663 664 664 664 665 665 665 665 664 664 662 661 659 656 654 652 650 647 645 644 641 640 638 636 634 633 630 626 624 624 622 618 613 609 602 593 580 566 550 537 529 524 
600 615 632 646 658 667 670 670 668 663 659 657 656 658 659 659 660 660 660 660 661 662 663 664 664 664 665 665 665 665 665 664 663 662 660 658 655 653 651 649 647 646 643 642 640 638 637 637 636 633 629 625 624 621 614 608 599 587 572 555 538 523 514 509 
604 620 636 650 661 669 671 671 668 662 658 656 656 658 660 660 661 661 661 661 662 663 663 664 664 665 665 665 665 665 665 664 664 663 662 659 657 655 653 651 649 648 646 644 642 640 640 640 641 639 636 628 625 621 614 606 595 582 564 546 526 511 501 494 
609 624 641 654 664 671 672 671 668 662 658 656 656 659 661 661 662 662 662 662 663 663 664 665 665 665 665 665 665 665 665 665 665 664 663 660 658 657 655 653 651 649 648 646 644 643 643 644 643 641 638 630 622 618 611 603 590 577 557 537 517 499 487 480 
612 628 644 657 666 672 673 671 667 661 657 656 656 658 661 663 664 663 662 663 663 664 664 665 665 665 665 665 665 665 666 666 666 666 665 663 661 659 657 656 654 652 651 649 647 646 645 645 644 640 636 628 618 611 604 597 585 569 548 528 507 488 478 472 
616 632 648 659 668 672 673 671 667 661 657 656 656 659 662 664 665 664 663 663 664 664 665 665 665 665 666 665 665 666 666 666 667 667 666 664 663 661 659 657 656 654 653 651 650 648 647 646 642 636 629 622 614 605 595 590 578 562 541 521 498 479 470 465 
621 636 651 661 669 673 673 670 666 660 657 656 657 660 663 665 666 665 664 664 664 665 665 665 666 666 666 666 665 666 666 667 668 668 667 666 664 662 661 659 658 656 655 653 652 650 648 645 640 633 624 616 608 600 588 581 571 558 537 516 494 474 464 459 
624 638 654 663 669 673 673 670 666 660 657 656 658 661 664 666 666 665 665 665 665 665 665 666 666 666 666 666 665 666 667 667 668 669 668 667 666 664 663 661 660 658 657 655 654 652 648 645 640 633 624 614 607 600 589 579 569 558 540 519 496 477 467 460 
628 642 656 664 670 673 672 669 665 660 657 657 659 662 665 667 667 666 665 665 666 666 666 666 666 666 666 666 666 667 667 668 669 670 670 669 667 666 664 663 661 660 659 657 656 655 651 648 642 635 628 619 611 603 595 586 574 563 547 528 506 487 476 468 
633 645 657 664 670 673 672 669 665 660 657 658 660 663 666 668 668 667 666 666 666 666 666 666 666 666 666 666 666 667 668 669 670 671 671 670 671 669 668 667 665 664 663 661 658 657 655 653 647 641 635 628 620 613 605 598 585 573 557 541 521 501 489 480 
635 646 657 665 671 673 672 669 665 661 659 659 661 663 666 667 667 666 665 665 665 665 666 665 666 666 666 666 666 667 668 670 671 673 674 672 673 672 671 669 668 667 666 664 661 660 659 658 655 651 646 639 631 623 614 607 595 583 570 555 536 517 504 495 
636 647 658 665 671 673 672 669 666 663 661 661 663 664 666 667 666 665 665 664 664 664 665 665 666 666 666 666 667 668 669 671 674 677 678 676 675 674 673 671 670 669 668 666 665 664 664 663 663 660 656 649 640 632 622 614 603 593 581 566 549 531 517 506 
638 648 658 666 671 673 672 669 666 664 664 665 666 667 667 667 667 667 666 665 666 667 667 669 669 669 670 671 671 672 674 675 678 679 681 680 679 678 676 675 674 673 671 670 669 668 668 669 669 667 663 657 650 642 631 623 614 605 595 584 571 557 541 526 
641 650 659 666 671 673 672 670 668 667 668 670 671 672 671 671 671 671 671 672 673 674 674 676 677 677 678 679 680 681 682 683 683 681 681 683 681 680 678 677 676 675 673 672 672 671 671 673 674 673 670 665 660 654 645 638 631 623 613 607 607 595 578 560 
644 651 658 666 671 672 672 671 670 671 673 677 679 678 677 677 677 677 678 679 680 681 682 683 685 686 687 688 689 690 691 692 690 684 681 683 682 682 680 679 678 677 675 674 675 673 674 676 679 680 680 675 669 664 660 655 648 641 636 629 622 617 607 593 
649 654 658 664 669 671 672 673 674 676 680 685 688 688 687 687 688 689 690 691 692 693 694 696 697 698 699 700 701 702 702 703 700 691 683 680 682 684 682 681 680 679 677 676 675 674 675 677 679 681 684 683 679 676 672 669 667 662 656 650 644 636 626 618 
653 656 659 664 667 670 674 677 680 684 689 694 696 696 697 698 700 702 704 705 706 707 708 709 710 712 713 714 715 715 716 717 711 700 691 683 680 682 684 682 681 680 679 677 676 675 676 677 679 682 685 686 687 687 686 684 680 678 676 671 663 657 648 639 
658 659 661 664 667 671 678 682 687 692 697 700 703 703 706 709 712 714 716 717 718 719 720 721 723 724 725 726 727 728 728 729 723 711 699 690 682 679 681 683 681 680 679 678 676 675 676 678 680 683 687 689 691 694 696 696 695 692 689 686 681 675 667 660 
662 663 664 665 669 674 683 690 696 701 706 708 708 710 715 719 723 726 728 729 730 731 732 733 734 736 737 738 739 739 740 740 734 722 709 697 688 680 677 679 681 679 678 677 676 674 675 677 680 684 688 691 694 698 702 704 706 705 703 698 693 689 685 680 
667 668 668 667 671 678 688 698 705 710 712 712 713 716 721 726 731 734 736 737 738 739 740 741 742 744 745 746 747 747 748 749 743 732 721 708 696 687 679 676 678 680 678 677 676 675 675 676 678 682 688 693 697 702 705 708 711 711 711 709 704 699 696 695 
672 671 670 669 673 681 694 707 715 719 720 717 718 723 730 736 741 744 746 747 748 749 750 751 752 754 755 756 757 757 758 758 753 743 732 720 707 695 686 678 675 677 679 677 676 675 675 675 677 681 685 690 697 702 706 710 712 713 714 713 712 708 708 707 
675 673 671 669 673 684 701 714 724 727 726 724 725 731 739 746 752 754 756 757 758 759 760 761 762 764 765 766 767 767 767 767 762 752 742 731 719 706 694 685 677 674 676 678 676 675 674 674 676 679 683 687 693 698 705 709 711 713 714 714 714 713 714 714 
677 672 667 666 672 686 707 723 735 738 735 732 736 742 752 761 766 767 769 770 771 772 773 774 776 777 778 779 780 781 780 779 773 761 751 741 730 718 705 693 684 676 673 675 677 675 674 674 674 676 679 683 688 693 698 703 708 711 713 714 715 715 716 718 
674 668 662 661 670 687 711 731 743 746 744 742 747 755 767 776 780 782 783 784 785 786 787 788 789 791 792 793 794 794 793 792 785 772 759 750 740 729 717 704 692 683 675 672 674 676 674 673 672 673 675 679 682 686 691 696 701 705 710 713 715 717 719 721 
666 659 653 653 665 686 714 737 751 753 753 753 759 770 783 793 797 798 799 799 800 801 802 804 805 806 807 808 809 810 809 808 799 783 769 758 749 739 728 716 703 691 682 674 671 673 673 672 670 670 671 673 676 680 684 688 693 698 704 709 714 718 721 724 
655 649 644 647 661 684 717 740 757 761 761 764 771 784 798 809 813 813 813 814 815 816 817 818 820 821 822 823 824 825 823 822 813 796 780 768 757 748 738 727 715 702 690 681 673 670 670 671 669 668 667 668 671 673 678 682 687 692 699 706 712 717 722 726 
643 637 633 638 653 680 714 739 757 764 768 773 781 797 811 823 828 828 829 829 829 829 830 832 833 834 833 832 831 831 829 828 820 807 793 780 769 758 748 738 727 715 703 692 684 677 673 672 670 667 664 663 662 662 667 671 677 685 695 704 712 718 723 727 
634 628 624 631 648 676 710 737 756 767 774 780 790 806 822 834 840 841 842 842 841 840 841 843 844 844 842 839 836 834 832 831 826 817 807 795 782 770 759 749 739 729 717 706 696 688 680 675 671 666 662 658 655 653 657 661 668 679 692 703 713 720 724 728 
441 447 447 448 449 450 451 452 453 455 456 457 458 458 459 458 457 456 457 456 456 456 455 454 454 454 453 453 453 453 454 464 
441 447 447 448 449 450 451 452 453 454 456 457 458 458 459 458 457 457 456 456 456 455 454 454 454 453 453 453 453 454 454 464 
442 448 448 448 449 450 451 452 454 455 456 457 458 459 459 458 458 456 456 456 455 454 454 454 453 453 453 453 454 454 454 464 
443 448 449 450 449 450 452 453 454 455 456 457 458 459 460 458 457 455 455 454 453 453 453 452 452 452 452 453 453 453 453 463 
443 448 449 450 449 450 452 453 454 455 457 458 458 459 460 457 456 454 453 452 452 452 451 451 451 451 452 452 452 452 452 462 
443 447 448 449 449 450 452 453 454 455 457 458 457 458 459 457 455 452 451 451 451 450 450 450 450 451 451 451 451 451 451 461 
444 448 449 449 450 450 451 453 454 455 456 456 457 458 458 456 454 450 450 450 449 449 449 449 450 450 450 450 450 450 450 460 
444 448 449 449 450 450 451 452 454 455 455 456 457 458 458 455 452 449 449 448 448 448 448 449 449 449 449 449 449 449 449 459 
444 448 448 449 450 450 451 452 454 455 455 456 457 458 457 453 451 447 446 446 446 446 447 447 447 447 447 447 447 447 447 452 
445 448 448 449 450 450 451 452 453 454 455 456 457 456 457 453 450 445 445 445 445 446 446 446 446 446 446 446 446 446 446 449 
445 448 448 449 449 449 451 452 453 453 455 456 455 456 457 452 449 444 444 444 445 445 445 445 445 445 445 445 445 445 445 447 
446 448 448 449 449 449 451 452 452 453 455 456 455 456 457 451 448 443 443 444 444 444 444 444 444 444 444 444 444 444 444 445 
446 448 448 449 450 450 451 452 452 453 455 455 455 456 456 451 447 442 443 443 443 443 443 443 443 443 443 443 443 443 443 438 
447 449 449 449 450 450 451 452 453 454 455 455 456 456 456 450 447 442 442 442 442 442 442 442 442 442 442 442 442 442 442 436 
447 449 449 449 449 450 452 452 453 454 454 455 455 456 456 451 447 442 442 442 442 442 442 442 442 442 442 442 442 442 442 436 
451 453 453 453 454 455 456 457 457 457 457 457 457 457 456 450 445 439 439 439 439 439 439 439 439 439 439 439 439 439 439 432 
454 456 456 456 456 457 458 459 459 458 458 458 457 457 455 448 444 437 437 437 437 437 437 437 437 437 437 437 437 437 437 430 
457 459 459 459 460 461 462 462 462 459 458 457 456 455 453 446 441 434 434 434 434 434 434 434 434 434 434 434 434 434 434 427 
458 459 459 460 461 462 463 461 459 456 455 454 453 452 450 444 439 434 434 434 434 434 434 434 434 434 434 434 434 434 434 428 
459 459 459 460 461 462 463 460 457 453 452 451 449 448 447 442 438 434 434 434 434 434 434 434 434 434 434 434 434 434 434 428 
459 459 460 461 462 463 463 459 455 449 448 446 445 444 442 439 436 434 434 434 434 434 434 434 434 434 434 434 434 434 434 428 
460 459 460 461 462 463 463 457 453 444 443 442 441 439 438 436 435 434 434 434 434 434 434 434 434 434 434 434 434 434 434 428 
460 460 461 462 463 463 464 457 451 441 440 439 437 436 434 434 433 434 434 434 434 434 434 434 434 434 434 434 434 434 434 429 
460 459 459 460 460 460 460 456 451 445 443 440 437 434 432 432 431 432 433 433 433 433 433 433 433 430 424 422 422 422 422 417 
458 458 458 457 458 457 457 454 451 445 443 439 436 432 430 429 429 430 430 430 431 431 432 432 430 426 418 402 382 364 350 353 
456 455 454 454 453 452 452 450 448 445 442 437 432 428 424 423 422 424 425 426 426 427 428 429 426 419 407 390 370 352 338 336 
454 452 452 452 451 450 450 448 445 441 437 433 428 423 420 419 418 420 421 422 423 424 425 426 424 417 404 387 369 352 338 332 
450 450 450 449 449 449 448 444 440 434 431 426 421 417 413 412 412 414 416 417 419 420 422 423 421 414 402 385 366 350 337 328 
448 447 447 447 447 447 447 441 436 428 425 420 415 410 407 406 407 409 411 413 415 417 418 420 418 411 399 382 364 347 334 320 
445 445 445 445 445 445 445 437 432 422 418 414 408 404 400 400 400 404 406 409 411 413 415 417 416 408 396 379 361 345 332 318 
443 443 443 443 443 443 443 435 428 417 413 409 404 399 396 395 396 400 402 405 407 410 412 415 413 406 393 376 358 342 329 317 
433 431 433 436 439 442 446 442 435 425 422 417 412 407 404 403 404 406 407 408 410 410 409 408 403 394 382 367 351 338 328 317 
442 442 442 442 442 442 442 442 442 442 442 442 442 442 442 441 439 437 437 436 436 435 435 434 434 433 433 432 432 431 431 435 
443 442 442 442 442 442 442 442 442 442 442 442 442 442 442 440 439 437 436 436 435 435 434 434 433 433 432 432 431 431 431 435 
443 442 442 442 442 442 442 442 442 442 442 442 442 442 441 440 438 436 436 435 435 434 434 433 433 432 432 431 431 431 431 435 
442 441 441 441 441 441 441 441 441 441 441 441 441 441 441 439 438 436 435 435 434 434 433 433 432 432 431 431 431 431 431 435 
442 441 441 441 441 441 441 441 441 441 441 440 440 440 440 439 437 435 435 434 434 433 433 432 432 431 431 431 431 431 431 435 
441 440 440 440 440 440 440 440 440 440 440 440 440 440 440 438 437 435 434 434 433 433 432 432 431 431 431 431 431 431 431 435 
440 439 439 439 439 439 439 439 439 439 439 439 439 439 439 438 436 434 434 433 433 432 432 431 431 431 431 431 431 431 431 435 
439 438 438 438 438 438 438 438 438 438 438 439 439 439 439 437 436 434 433 433 432 432 431 431 431 431 431 431 431 431 431 435 
437 436 437 437 437 437 437 437 437 437 438 438 438 438 438 437 435 433 433 432 432 431 431 431 431 431 431 431 431 431 431 435 
436 436 436 436 436 436 436 436 437 437 437 437 437 437 438 436 435 433 432 432 431 431 431 431 431 431 431 431 431 431 431 435 
434 434 434 435 435 435 435 435 436 436 436 436 437 437 437 436 434 432 432 431 431 431 431 431 431 431 431 431 431 431 431 434 
435 434 434 434 435 435 435 435 435 436 436 436 436 436 436 435 434 432 431 431 431 431 431 431 431 431 431 431 431 431 431 433 
434 433 433 433 434 434 434 434 435 435 435 435 435 436 436 435 433 431 431 431 431 431 431 431 431 431 431 431 431 431 431 435 
433 432 432 433 433 433 433 434 434 434 434 435 435 435 435 434 433 431 431 431 431 431 431 431 431 431 431 431 431 431 431 434 
432 432 432 432 432 433 433 433 433 434 434 434 434 435 435 434 432 431 431 431 431 431 431 431 431 431 431 431 431 431 431 434 
432 432 432 432 432 433 433 433 433 433 434 434 434 434 434 433 433 431 431 431 431 431 431 431 431 431 431 431 431 431 431 434 
432 432 432 432 433 433 433 433 433 433 433 433 433 433 433 433 432 432 432 432 432 432 432 432 432 432 432 432 432 432 432 435 
430 432 432 432 433 433 433 433 433 433 433 433 433 433 433 433 432 432 432 432 432 432 432 432 432 432 432 432 432 432 432 435 
430 432 432 433 433 433 433 433 433 433 433 433 433 433 433 433 432 432 432 432 432 432 432 432 432 432 432 432 432 432 432 435 
430 432 432 433 433 433 433 433 433 433 433 433 433 433 433 433 432 432 432 432 432 432 432 432 432 432 432 432 432 432 432 435 
431 432 433 433 433 433 433 434 434 433 433 433 433 433 433 433 432 432 432 432 432 432 432 432 432 432 432 432 432 432 432 435 
431 432 433 433 433 433 433 434 434 434 433 433 433 433 433 433 432 432 432 432 432 432 432 432 432 432 432 432 432 432 432 435 
432 433 433 433 433 433 434 434 434 434 433 433 433 433 433 433 432 432 432 432 432 432 432 432 432 432 432 432 432 432 432 436 
431 431 432 434 436 438 440 439 439 437 436 436 436 436 436 436 435 434 434 434 434 433 433 432 432 432 432 432 432 432 432 436 
430 431 433 436 439 442 444 443 442 440 440 440 440 440 440 439 437 437 436 435 435 435 434 434 433 432 432 432 432 432 432 436 
431 431 434 439 444 448 453 451 450 446 446 446 446 446 446 445 444 442 441 440 440 439 438 437 435 434 433 432 432 432 432 435 
434 435 439 443 449 453 457 455 454 450 450 450 450 450 450 449 448 446 445 444 443 442 440 439 438 437 435 434 433 432 432 435 
438 441 444 449 454 458 461 459 458 454 454 454 454 454 454 453 452 450 449 447 446 445 443 442 440 439 438 437 435 434 433 435 
442 447 450 454 459 464 467 465 464 460 460 460 460 460 460 459 457 455 453 451 449 448 446 444 443 442 440 439 438 436 435 436 
446 452 455 460 465 468 472 470 469 465 465 465 465 465 465 464 462 459 457 455 453 451 449 447 445 444 443 442 440 439 438 437 
449 456 460 463 468 473 476 474 471 468 468 468 468 468 468 467 466 463 460 458 456 454 451 449 448 447 445 444 443 441 440 439 
455 464 468 473 478 484 487 487 484 480 479 477 475 473 472 471 469 466 464 462 460 458 456 454 452 452 450 449 448 446 445 442 
