1 3 0 2 1 0 0 0 0 0 0 0 
0 0 0 0 0 0 0 0 0 0 0 0 
0 0 0 0 0 0 0 0 0 0 0 0 
457 460 461 463 471 480 490 498 502 502 497 492 494 493 496 498 504 494 489 497 502 492 486 493 723 793 776 776 777 784 787 787 789 789 791 792 792 795 793 799 716 528 569 659 670 670 655 691 670 656 657 657 658 658 657 655 655 656 657 658 660 661 664 665 
459 460 462 464 469 479 491 499 503 502 498 493 493 493 494 495 499 488 486 498 501 486 470 510 738 794 778 777 782 786 785 786 787 788 789 791 792 795 793 800 712 521 564 649 671 675 657 693 674 658 659 660 661 662 662 660 659 659 659 661 662 664 665 667 
460 461 463 463 470 480 490 498 501 501 495 492 492 492 494 495 495 487 486 498 501 479 475 538 749 793 779 782 788 785 785 786 785 784 789 790 793 796 793 800 712 521 562 650 671 675 659 694 675 661 664 664 665 666 666 665 663 663 662 662 664 665 667 669 
461 462 464 464 471 479 490 496 499 498 495 492 491 492 492 493 493 483 487 498 501 475 483 570 757 793 781 789 790 786 785 784 785 783 785 790 792 796 793 800 711 518 559 648 673 679 662 695 680 666 669 670 672 672 672 671 669 668 667 667 668 669 671 672 
462 464 465 466 472 480 489 496 499 498 494 492 492 491 492 493 494 487 492 502 498 473 498 618 767 792 787 797 794 785 784 785 784 783 784 786 791 795 793 801 709 515 555 645 673 682 666 697 685 673 675 677 678 679 680 679 677 675 674 675 675 676 677 678 
465 466 467 468 473 482 490 495 498 497 494 491 492 491 491 492 494 492 495 503 491 470 515 665 779 791 793 801 794 786 785 783 783 782 783 785 788 795 792 801 708 512 552 643 674 685 670 699 690 679 682 683 684 684 685 685 683 682 681 681 682 683 683 684 
467 467 467 470 475 484 491 497 498 496 494 491 491 491 490 491 492 490 494 496 486 467 531 704 788 794 801 804 794 785 784 784 782 782 782 783 786 791 790 800 706 511 548 642 675 688 673 700 696 685 686 685 685 685 686 686 686 686 687 688 688 688 688 688 
468 468 469 471 478 486 493 497 499 498 493 491 491 490 490 490 489 488 491 487 480 466 550 726 793 796 807 806 795 786 785 783 782 783 784 786 787 789 788 800 706 509 548 641 675 689 674 700 699 689 688 686 686 685 684 685 686 687 688 690 690 691 690 691 
468 468 470 473 480 487 494 499 499 497 493 491 490 490 489 489 488 488 489 483 474 469 566 749 797 798 802 801 796 793 791 792 787 784 786 787 788 789 784 794 702 509 548 635 672 691 676 703 702 691 690 686 685 683 682 682 684 686 689 691 693 692 691 691 
469 470 471 475 481 489 495 499 499 498 494 492 491 490 489 488 488 486 486 481 473 476 585 768 803 797 799 799 797 797 797 797 793 789 789 788 788 788 783 791 696 507 549 632 671 692 678 705 704 693 691 686 682 681 680 679 682 685 689 691 692 692 692 691 
470 472 473 477 484 490 496 499 498 496 494 492 491 490 489 489 486 486 485 478 476 488 603 778 805 797 798 798 798 798 798 798 794 791 790 789 788 787 782 791 689 498 547 635 672 693 680 707 707 697 693 688 682 680 680 681 682 685 689 691 693 693 692 691 
472 474 477 480 485 492 496 498 498 495 492 492 491 491 489 489 486 485 484 477 480 502 619 778 804 798 798 798 798 798 798 798 795 792 791 789 788 787 781 790 681 489 546 640 676 694 681 708 711 702 698 692 687 682 681 683 685 687 690 691 693 692 692 692 
475 477 479 482 487 492 495 497 496 494 492 492 492 492 491 491 490 490 492 482 497 517 631 796 811 798 798 798 798 798 798 798 797 794 791 789 788 787 779 790 670 482 546 648 683 696 683 710 716 708 704 698 693 688 686 685 687 690 689 691 692 693 692 693 
478 480 482 485 488 492 495 496 494 492 491 492 494 494 494 492 496 501 503 495 508 521 632 800 813 797 798 798 798 798 798 798 798 796 793 791 788 786 776 790 658 475 546 657 692 698 684 712 720 713 709 704 699 695 692 689 689 690 691 690 691 691 692 692 
482 484 486 487 490 492 493 494 493 491 490 491 493 495 495 496 499 508 511 503 510 527 646 797 810 798 798 798 798 798 798 798 799 796 793 790 787 786 776 790 649 471 547 665 698 699 687 714 722 716 713 709 706 701 697 694 691 690 691 689 690 691 691 692 
483 486 487 489 490 492 494 492 490 490 490 490 494 495 496 496 504 513 514 511 514 530 660 808 813 797 798 799 799 799 799 799 799 797 794 791 787 786 775 791 646 468 547 669 701 700 685 715 723 717 716 712 709 705 701 696 692 690 690 690 691 692 691 692 
485 489 489 491 490 489 488 487 489 489 490 489 492 495 495 502 480 506 526 492 502 600 746 824 810 798 798 798 798 798 798 798 798 796 795 795 787 785 775 785 629 474 547 665 706 703 702 716 719 721 718 717 714 711 707 702 698 696 695 695 696 698 699 699 
487 491 490 489 489 489 487 486 488 489 488 487 489 494 494 504 473 504 526 483 501 635 782 824 806 799 798 798 798 798 798 798 797 796 796 796 787 783 777 775 618 480 548 662 707 705 709 715 719 720 719 717 715 713 709 704 701 698 697 697 698 700 700 701 
489 491 490 489 488 487 486 486 486 486 486 485 488 491 492 500 477 505 519 479 503 648 793 817 801 797 797 797 797 797 797 797 797 796 797 797 788 783 776 765 613 484 551 661 709 711 711 712 718 720 719 718 717 715 711 707 704 701 699 699 701 701 702 702 
489 491 490 489 487 486 486 485 486 485 486 485 486 490 492 498 480 504 509 471 504 665 805 809 798 797 797 797 797 797 797 797 797 796 797 797 788 782 778 755 608 489 553 660 712 716 712 709 717 721 719 719 718 716 713 709 705 703 700 700 702 703 703 704 
490 491 490 489 487 486 486 485 485 485 485 485 486 491 492 497 487 502 494 463 509 679 812 801 794 797 797 797 797 797 797 797 797 796 797 797 787 781 778 753 605 491 556 660 713 720 712 708 716 720 720 720 719 717 715 711 708 704 702 702 703 704 705 706 
491 492 490 489 487 486 486 486 485 486 485 486 487 490 494 495 494 500 478 456 513 692 819 795 790 797 798 797 797 797 797 797 797 796 797 797 788 781 778 754 600 492 562 661 713 722 713 708 717 720 720 721 721 720 716 712 709 705 704 704 704 706 706 707 
493 491 490 489 487 486 486 485 487 487 486 488 489 493 496 498 500 496 464 454 532 708 814 790 789 798 797 797 797 797 797 797 797 796 797 797 787 782 777 756 593 496 571 664 713 721 713 711 718 720 720 721 721 720 717 713 710 706 705 705 705 706 708 708 
494 492 491 490 488 487 486 485 489 490 488 488 490 493 496 498 505 494 459 450 542 722 811 787 787 797 797 797 797 797 797 797 797 796 797 797 788 781 776 757 585 499 578 668 712 720 712 712 718 721 722 722 722 721 719 714 711 707 705 706 705 707 709 709 
496 494 493 491 488 486 484 483 483 483 482 482 487 493 506 518 506 478 438 474 641 760 772 786 793 796 797 797 797 797 797 797 797 796 797 797 788 781 773 752 577 504 591 672 708 716 713 711 725 726 725 727 728 727 724 721 712 707 706 706 708 708 709 708 
487 485 484 481 480 479 477 475 474 473 472 470 473 476 501 517 506 472 429 485 675 771 760 787 794 795 797 797 797 797 797 797 797 796 797 797 788 781 770 746 569 511 603 676 704 711 713 710 726 726 727 728 728 726 723 721 714 711 710 709 710 709 709 708 
471 468 466 464 461 460 458 456 455 453 451 449 449 446 477 494 502 470 424 488 678 769 757 789 794 796 797 797 797 797 797 797 797 796 797 797 789 781 767 741 562 515 614 680 700 707 713 709 728 728 727 727 727 725 724 722 715 715 714 713 712 712 710 708 
456 453 452 450 446 437 430 427 424 423 423 421 430 426 461 481 501 466 419 491 688 770 752 792 796 796 797 797 797 797 797 797 797 796 797 797 788 781 766 739 558 520 624 683 699 707 713 709 732 731 729 729 728 727 727 725 719 716 715 714 714 713 711 710 
451 451 451 450 441 429 418 412 416 421 421 418 404 412 462 486 502 463 415 492 694 771 748 793 795 795 797 797 797 797 797 797 797 796 797 797 788 782 767 736 558 523 628 683 696 709 712 710 734 732 731 729 730 729 727 726 720 718 717 717 716 715 713 712 
452 452 452 452 449 439 426 417 414 417 419 415 407 428 459 480 501 462 414 494 697 773 747 792 794 794 797 797 797 797 797 797 797 796 797 797 789 784 770 732 558 525 630 682 695 713 714 713 735 732 731 731 730 730 728 727 721 720 719 718 718 717 716 715 
455 454 456 455 461 462 447 428 415 419 440 463 452 452 453 462 495 460 414 495 700 774 746 792 795 795 797 797 797 797 797 797 797 797 797 798 788 786 773 730 559 530 635 681 693 717 714 715 734 733 732 731 730 729 728 727 721 720 720 719 719 718 718 716 
459 460 461 462 470 473 452 423 415 419 453 526 477 459 460 451 491 463 414 494 705 778 748 792 794 794 797 797 797 797 797 797 797 797 796 797 787 787 775 729 559 529 638 682 694 719 714 715 733 732 731 730 729 727 727 726 720 719 720 719 720 719 718 718 
461 462 463 463 474 472 449 419 413 418 459 512 465 464 457 458 479 445 418 521 709 771 736 780 793 792 797 797 797 797 797 797 798 796 797 797 788 782 767 722 536 644 672 686 711 725 717 723 722 723 723 722 722 721 719 717 717 715 715 714 713 712 711 708 
462 460 461 461 469 475 463 433 413 412 416 436 469 467 459 457 476 441 424 541 713 768 738 778 791 794 797 797 797 797 797 798 798 797 797 797 786 779 764 716 544 667 676 687 716 728 724 728 723 724 722 722 720 720 719 718 717 715 714 713 713 712 710 709 
459 451 444 446 455 463 462 446 424 414 415 426 449 479 474 463 481 444 433 553 721 771 745 784 793 795 797 797 797 797 797 798 798 797 797 797 786 780 765 713 542 672 682 685 717 727 727 732 725 726 724 723 723 722 721 720 719 717 717 717 715 713 712 711 
448 442 428 429 445 461 467 461 448 432 425 428 439 470 501 496 492 446 443 568 732 776 751 791 795 794 797 797 797 797 797 798 798 797 797 799 788 780 765 711 543 672 683 684 719 727 727 732 727 726 725 724 724 723 721 720 720 719 718 718 717 716 714 713 
453 445 437 439 455 473 487 486 476 458 440 433 438 452 488 519 498 453 453 582 742 783 760 800 797 795 797 798 797 797 797 798 797 797 798 798 788 781 766 709 550 670 683 683 720 726 725 730 727 726 725 725 724 723 721 721 721 720 719 719 719 717 717 714 
468 460 462 469 474 479 494 502 491 470 449 437 437 443 458 493 493 461 462 596 752 789 768 806 797 795 798 797 797 797 797 797 798 797 800 799 788 781 766 705 558 668 682 684 720 724 724 728 727 726 726 725 724 722 721 722 720 720 720 719 719 718 718 715 
465 466 470 473 470 465 473 484 482 465 448 444 442 440 441 453 486 467 470 611 761 792 775 812 799 795 797 798 797 797 797 797 797 797 800 799 789 782 768 701 564 666 683 683 720 723 724 727 727 725 724 723 722 721 721 720 720 720 719 719 720 718 718 717 
459 460 459 450 444 443 442 444 448 445 443 446 448 441 432 429 483 469 476 625 767 793 780 815 799 795 798 798 797 796 796 797 798 798 801 799 790 782 767 693 572 663 682 682 720 723 724 727 726 726 724 723 721 721 720 718 719 719 719 719 718 718 718 716 
454 446 435 422 419 422 428 427 429 436 443 449 453 453 444 433 488 463 478 640 772 791 782 812 802 799 798 797 797 795 796 797 798 798 799 795 789 780 762 692 582 660 681 685 719 723 726 729 727 725 724 722 721 720 718 718 718 717 718 718 718 717 717 715 
451 434 417 413 415 416 425 438 442 443 451 459 462 467 473 468 494 450 480 654 775 789 783 809 803 799 798 796 795 794 796 797 798 798 796 792 789 779 760 692 591 656 681 686 717 725 728 730 726 725 723 721 721 718 717 717 716 715 716 716 716 716 715 715 
455 438 421 419 420 422 434 458 474 470 466 471 474 477 489 497 497 442 483 668 777 786 784 806 802 799 798 795 795 794 795 797 798 797 796 792 788 778 760 689 600 650 680 687 714 727 728 731 727 727 723 722 719 718 717 716 715 715 715 715 715 714 714 713 
461 449 437 427 422 428 446 468 485 487 482 483 487 488 491 498 493 438 489 679 780 785 786 804 801 799 798 795 794 794 795 797 798 796 795 791 787 777 760 686 605 645 679 688 713 726 728 731 728 726 724 720 719 717 716 714 715 715 715 714 715 713 714 713 
471 461 447 432 424 428 447 462 470 479 484 484 486 489 487 484 490 439 488 682 780 785 785 803 802 800 798 795 795 794 795 797 796 795 794 790 786 776 759 685 605 646 680 688 711 725 727 729 729 727 724 722 719 716 715 715 714 714 714 714 713 713 713 713 
479 471 455 433 423 424 435 446 454 462 469 474 478 483 483 476 491 439 487 683 780 784 786 803 801 799 798 795 795 794 795 798 795 794 793 790 785 775 758 683 607 649 685 695 712 724 724 727 729 726 724 721 718 716 715 715 714 713 714 713 713 712 713 712 
475 467 449 426 413 412 420 432 446 454 457 464 479 487 488 487 493 436 487 685 781 784 787 803 801 800 798 795 795 794 795 797 794 793 792 787 784 774 757 683 611 656 695 704 716 723 724 726 730 727 725 721 719 716 714 714 714 714 714 714 713 713 713 712 
474 462 443 420 407 406 416 425 439 451 460 465 477 493 498 498 497 441 494 689 780 783 787 802 802 800 798 795 795 794 795 798 792 792 791 788 784 772 757 680 615 664 703 712 720 723 723 726 729 726 724 721 719 717 715 714 715 714 714 714 713 712 713 713 
488 474 450 429 418 416 424 431 442 449 452 459 470 484 491 489 473 419 494 698 780 779 785 800 802 800 797 795 794 793 792 791 789 787 786 785 780 766 740 674 622 681 716 721 724 723 722 725 728 727 726 723 720 719 717 717 720 718 718 716 714 713 712 713 
493 479 459 438 424 422 427 435 439 440 443 451 461 471 475 481 456 401 492 702 777 776 782 797 800 798 796 795 793 791 790 788 788 786 785 785 781 768 754 700 629 694 726 731 725 723 722 725 730 728 727 725 723 721 720 721 722 721 719 718 716 714 713 714 
496 488 470 449 428 418 419 424 427 424 428 439 449 458 464 477 458 402 489 698 775 772 778 794 796 795 794 793 791 789 788 787 785 785 785 784 784 774 761 711 635 704 732 737 727 722 724 726 732 730 729 727 725 724 722 723 725 723 721 720 717 715 714 714 
497 490 477 453 427 410 402 403 413 410 421 434 447 458 471 490 470 413 491 693 772 771 776 793 794 794 792 791 790 787 786 785 785 784 783 784 785 778 773 725 639 710 737 741 731 723 726 729 734 732 731 729 728 726 725 726 727 726 724 722 719 717 716 715 
488 483 474 453 422 398 387 382 401 423 432 445 457 471 484 507 477 415 485 688 770 768 777 793 793 792 790 789 788 787 785 784 784 782 782 782 783 781 777 732 646 709 740 744 738 732 729 731 737 735 733 732 730 730 728 728 730 728 726 724 721 719 717 718 
479 474 467 450 423 397 383 373 408 451 453 458 464 477 488 507 477 415 476 678 767 768 775 791 791 791 789 788 786 785 785 783 782 781 781 781 781 780 782 741 653 710 743 747 741 736 733 735 741 738 737 735 733 733 731 731 732 730 728 726 723 721 719 720 
476 474 474 466 450 430 414 402 421 451 466 456 455 462 471 477 479 426 471 662 761 769 775 791 791 789 788 787 785 784 784 782 780 780 780 780 780 779 785 747 657 712 745 747 744 741 737 738 744 741 740 738 736 735 733 733 735 733 730 728 725 723 720 721 
488 490 494 495 488 476 459 447 436 428 448 443 432 434 443 441 479 439 466 643 754 770 775 790 789 787 787 786 785 784 782 783 776 777 777 779 778 776 780 750 667 712 745 750 746 741 737 739 746 744 742 741 739 737 735 736 735 733 731 729 726 724 722 721 
492 495 500 502 495 482 463 446 444 436 435 430 426 431 445 448 489 441 461 631 750 765 770 786 785 781 780 778 776 776 775 774 774 774 773 775 775 770 762 741 689 707 745 755 746 736 737 742 745 745 743 741 739 737 736 736 735 733 732 729 727 725 724 720 
492 494 501 501 493 477 457 444 431 424 422 420 428 442 464 472 502 439 455 621 747 759 763 781 780 777 775 775 774 773 772 771 773 774 773 774 775 769 764 743 691 707 743 755 747 736 738 742 746 745 743 742 739 737 737 736 734 733 731 729 729 726 726 721 
492 495 500 500 492 476 457 443 415 407 410 417 428 449 475 486 513 440 451 612 743 754 759 776 776 775 774 773 772 771 770 771 773 773 772 774 775 768 762 744 698 704 742 752 746 737 738 741 745 744 743 741 739 738 736 735 734 732 731 731 728 728 727 722 
491 495 500 498 490 474 455 442 415 411 414 419 428 447 472 481 509 438 449 610 739 751 757 775 775 774 772 771 771 770 770 770 772 773 772 774 775 769 762 746 703 705 740 751 747 739 739 741 745 744 743 741 739 737 737 735 733 732 732 729 729 728 726 721 
488 494 499 498 489 472 457 439 428 423 420 422 427 439 461 463 509 450 451 605 736 751 754 773 773 773 771 770 770 770 769 770 772 773 772 774 775 769 762 747 705 702 739 750 746 740 740 740 744 744 742 741 739 738 737 734 733 731 730 729 730 727 724 717 
485 493 498 496 487 470 455 438 431 427 421 420 426 437 456 460 505 448 451 605 735 753 754 771 772 771 770 770 769 769 769 770 772 773 772 774 775 769 761 749 711 700 736 747 746 742 741 740 744 743 742 740 738 738 737 735 732 730 729 728 729 727 720 713 
484 493 496 494 485 468 454 438 427 422 419 420 427 441 460 465 498 440 452 596 729 753 751 769 772 771 769 769 769 769 769 770 772 773 773 774 775 769 761 750 716 701 739 748 746 743 740 739 743 742 742 740 738 738 737 735 731 731 728 728 730 726 718 711 
483 494 497 495 484 467 452 438 423 418 417 418 427 443 464 472 499 445 456 580 721 755 749 767 770 768 768 768 768 769 769 770 773 773 773 774 775 770 762 755 722 687 723 741 743 742 738 736 741 740 739 739 739 738 738 736 733 731 728 727 728 724 716 711 
450 450 452 453 454 453 452 454 454 453 453 453 450 450 450 449 448 448 448 447 450 452 452 452 448 447 447 447 446 446 446 445 
450 450 452 453 454 453 452 454 452 452 452 451 450 450 449 448 448 448 448 448 451 452 453 452 449 448 448 447 447 447 446 446 
450 450 452 453 454 453 452 454 452 452 452 451 450 450 449 448 448 448 448 448 452 452 453 452 449 449 448 448 448 447 447 446 
450 450 452 453 454 453 452 452 452 452 453 450 450 450 449 448 448 448 448 448 452 452 453 452 450 449 449 449 448 448 447 447 
450 450 452 453 454 453 452 452 452 451 451 450 450 449 449 448 448 448 448 448 452 452 453 452 450 450 450 449 449 448 448 447 
450 450 452 453 454 453 452 452 452 451 451 450 450 449 449 448 448 448 448 448 452 452 453 452 451 451 450 450 449 449 448 448 
450 450 452 453 454 453 452 452 452 451 451 450 450 449 449 448 448 448 448 448 452 452 453 452 452 451 451 450 450 449 449 449 
450 451 452 453 454 453 452 452 452 451 451 450 450 449 449 448 448 448 448 448 452 452 453 452 452 452 452 451 451 450 450 449 
451 452 452 452 454 453 452 452 452 451 451 450 450 449 449 448 448 448 448 448 452 452 453 453 458 460 460 460 460 460 460 459 
452 452 452 452 454 453 452 452 452 451 451 450 450 449 449 448 448 448 448 448 452 452 453 453 458 460 460 460 460 460 460 459 
452 452 452 452 454 453 452 452 452 451 451 450 450 449 449 448 448 448 448 448 452 452 453 453 458 460 460 460 460 460 460 459 
452 452 452 453 455 453 453 452 452 451 451 450 450 449 449 448 448 448 448 448 452 452 453 453 458 460 460 460 460 460 460 459 
455 455 455 455 455 454 454 454 452 451 450 450 450 449 449 448 448 448 448 448 452 452 453 453 460 461 461 461 461 461 461 461 
456 456 456 455 455 455 455 454 452 451 450 450 450 449 449 448 448 448 448 448 452 452 453 453 465 467 467 467 467 467 467 467 
456 456 456 455 455 455 455 454 452 451 450 450 450 449 449 448 448 448 448 448 451 452 453 453 465 467 467 467 467 467 467 466 
455 456 456 455 455 455 455 454 452 451 450 450 450 449 449 448 448 448 448 449 453 453 453 454 465 467 467 467 467 467 467 466 
455 455 456 455 455 455 455 454 452 451 450 450 450 449 449 448 462 463 462 463 464 465 466 469 466 466 466 466 466 466 466 465 
457 455 455 456 455 455 455 455 452 451 450 450 450 449 449 450 463 464 464 464 465 466 467 469 466 467 467 467 467 467 467 465 
457 457 455 455 456 455 455 455 452 451 450 450 450 449 449 450 463 464 464 464 465 466 467 469 466 467 467 467 467 467 467 465 
455 457 457 455 455 456 455 455 452 451 450 450 450 449 449 450 463 464 464 465 465 466 467 469 466 467 467 467 467 467 467 465 
455 455 457 457 455 455 456 455 452 451 450 450 450 449 449 450 463 464 464 465 466 466 467 469 466 467 467 467 467 467 467 465 
455 455 455 457 457 455 455 455 452 451 450 450 450 449 449 450 463 464 464 465 466 466 467 469 466 467 467 467 467 467 467 465 
455 455 455 455 457 457 455 455 452 451 450 450 450 449 449 450 463 464 464 465 466 466 467 469 466 467 467 467 467 467 467 465 
455 455 455 456 455 457 457 455 452 451 450 450 450 449 449 450 463 463 464 465 468 469 471 473 468 467 467 467 467 467 467 466 
455 455 456 456 456 455 456 455 452 451 450 450 450 449 449 450 444 445 450 455 470 472 473 475 471 470 470 470 469 468 468 467 
455 456 456 456 455 456 455 455 452 451 450 450 450 450 450 449 444 446 450 455 470 471 473 474 471 471 471 470 469 469 469 467 
456 456 456 455 456 456 455 455 452 451 450 450 450 450 450 449 444 446 450 455 470 471 473 474 471 471 471 470 469 469 469 468 
456 456 455 455 456 456 456 455 452 451 450 450 450 449 449 449 444 446 450 455 470 471 472 473 471 471 471 471 469 469 469 469 
456 455 457 455 456 456 456 455 452 451 450 450 449 447 446 446 444 446 450 455 469 471 472 473 473 472 472 472 471 470 470 470 
457 455 457 455 456 456 456 455 452 451 450 450 447 446 446 445 444 446 450 455 468 471 472 473 473 473 473 472 471 471 471 470 
457 455 455 456 456 456 456 455 452 451 450 450 446 446 446 445 444 446 450 455 467 472 472 473 473 473 473 472 471 471 471 470 
456 455 455 456 456 455 455 455 453 450 450 450 446 445 445 445 442 445 450 454 465 470 471 472 471 471 471 471 470 470 470 470 
814 813 813 813 805 804 806 807 808 790 756 721 625 589 570 561 556 556 556 556 563 568 571 575 579 579 579 579 579 579 580 580 
814 813 813 813 805 804 806 807 809 786 749 715 613 572 565 558 557 557 557 557 565 570 573 576 579 579 579 579 579 579 579 580 
814 813 813 813 805 804 806 807 811 784 739 702 607 567 564 557 557 557 557 557 565 570 573 576 578 578 579 579 579 579 579 579 
814 813 813 813 805 804 806 807 811 781 734 697 595 567 562 554 556 557 557 558 565 570 573 576 578 578 578 578 579 579 579 579 
814 813 813 813 805 804 806 807 818 778 713 658 582 555 549 546 551 554 558 562 566 570 573 576 578 578 578 578 578 578 579 579 
813 813 813 813 805 804 806 807 817 775 706 646 578 549 544 542 550 554 559 563 566 569 573 576 577 577 578 578 578 578 578 579 
813 813 813 813 805 804 806 807 815 772 705 641 573 544 539 537 549 554 559 563 566 570 573 576 577 577 577 577 578 578 578 578 
813 813 813 813 805 804 806 807 814 770 704 635 569 541 536 535 549 554 559 563 566 570 573 576 576 577 577 577 577 578 578 578 
811 811 811 811 805 804 806 807 799 749 683 613 570 546 539 538 549 554 559 563 566 569 573 576 570 569 569 569 569 569 569 569 
811 811 811 811 805 804 806 807 794 743 675 607 570 547 539 539 549 554 559 563 566 570 573 575 570 569 569 569 569 569 569 569 
811 811 811 811 805 804 806 806 796 743 676 607 570 547 539 538 549 554 559 563 566 570 574 575 570 569 569 569 569 569 569 569 
811 811 811 811 805 805 808 807 796 741 672 605 570 547 539 538 549 554 559 563 566 571 574 575 570 569 569 569 569 569 569 569 
814 814 814 814 809 808 809 809 793 736 668 603 569 547 539 538 549 554 559 563 566 570 574 575 570 569 569 569 569 569 569 569 
814 814 814 814 810 809 809 810 796 741 672 609 570 547 539 538 549 554 559 563 567 571 574 575 570 569 569 569 569 569 569 569 
814 814 814 813 809 809 809 810 795 738 669 608 570 547 539 538 549 554 559 563 567 571 574 575 570 569 569 569 569 569 569 569 
814 815 815 813 809 809 809 809 785 725 658 598 568 547 539 538 549 554 559 563 567 572 575 575 569 569 569 569 569 569 569 569 
815 814 814 812 810 808 808 805 754 696 620 567 565 548 539 538 549 554 559 563 572 573 575 574 569 569 569 569 569 569 569 569 
812 814 813 812 811 809 805 804 740 681 604 551 563 548 539 538 549 555 559 563 571 572 574 573 569 569 569 569 569 569 569 569 
809 811 813 811 810 808 806 803 734 675 599 546 562 549 539 538 550 555 560 564 570 571 572 571 569 569 569 569 569 569 569 569 
809 808 809 811 809 809 806 804 738 680 604 550 563 549 539 540 551 556 560 564 570 570 571 571 569 569 569 569 569 569 569 569 
806 808 806 807 808 807 807 805 736 677 601 548 558 545 541 544 551 556 560 564 570 570 571 571 569 569 569 569 569 569 569 569 
803 805 806 804 805 805 806 804 736 677 601 547 557 545 541 545 551 556 560 564 569 570 571 571 569 569 569 569 569 569 569 569 
799 801 803 802 802 803 805 803 736 677 601 547 557 545 541 544 551 556 560 564 570 570 571 571 569 569 569 569 569 569 569 570 
797 796 799 801 801 802 802 803 735 676 600 546 557 545 542 546 553 556 561 564 568 569 570 570 569 569 569 569 569 569 569 570 
796 797 799 801 803 805 804 807 747 689 613 560 548 544 561 564 550 549 548 550 559 562 565 567 566 566 566 566 568 568 568 569 
798 799 801 800 804 805 805 806 748 692 615 561 546 546 564 567 548 549 549 550 557 559 562 565 566 566 566 566 568 568 568 569 
800 801 800 799 804 805 805 807 748 691 615 560 547 546 564 566 548 549 549 549 554 557 559 562 566 566 566 566 568 568 568 570 
800 800 799 802 805 805 805 807 748 691 615 560 547 546 564 566 549 549 548 550 555 557 559 562 566 566 566 566 568 568 568 572 
799 800 800 803 804 804 805 807 747 690 614 559 546 546 564 566 553 546 546 554 556 559 562 564 565 565 565 566 572 572 572 573 
799 800 800 803 804 805 805 807 749 693 616 561 547 546 564 566 552 544 546 555 557 559 562 564 565 565 565 566 572 572 572 573 
799 800 801 804 804 804 805 806 753 698 621 566 547 546 564 566 552 544 546 554 556 559 561 564 565 565 564 566 572 572 571 573 
799 799 802 804 804 804 804 806 756 701 624 569 548 544 564 565 553 546 548 554 556 559 561 564 567 567 567 569 573 573 573 576 
