457 459 459 463 471 480 490 498 502 502 497 492 492 493 496 498 504 494 487 497 502 490 484 493 723 793 776 776 776 784 787 787 789 789 791 792 792 795 791 799 716 526 569 659 670 670 653 691 670 654 656 656 656 657 657 655 655 656 657 658 660 661 664 664 
459 460 460 464 469 479 491 499 503 502 498 493 491 493 494 494 499 488 486 498 501 486 468 510 738 794 778 776 782 784 783 786 785 788 789 791 792 795 791 800 712 519 564 649 671 675 655 693 674 658 659 660 661 662 662 660 659 659 658 659 661 662 664 665 
460 461 461 463 470 480 490 498 501 501 495 492 490 491 494 495 495 485 486 498 501 479 473 538 749 793 779 780 788 785 783 786 784 784 789 790 793 796 791 800 712 519 562 650 671 675 657 694 675 661 664 664 665 666 666 665 663 663 662 662 664 665 667 667 
461 462 462 464 471 479 490 496 499 498 495 492 491 492 492 493 493 481 485 498 501 475 483 570 757 793 781 789 790 786 783 784 783 783 785 790 792 796 791 800 711 516 559 648 673 679 660 695 680 666 669 670 672 672 672 671 669 668 667 667 668 669 671 672 
462 464 463 466 472 480 489 496 499 498 494 491 490 491 492 493 494 487 492 502 498 471 498 618 767 792 785 797 794 785 782 785 782 782 784 786 791 795 791 801 709 513 555 645 673 682 664 697 685 673 675 677 678 679 680 679 677 675 674 675 675 676 677 678 
464 466 465 467 473 482 490 495 498 497 494 491 490 490 491 492 494 490 495 503 491 468 515 665 779 791 793 801 794 786 783 783 782 781 783 785 788 795 790 801 708 510 552 643 674 685 668 699 690 679 682 683 684 684 685 685 683 682 681 681 682 683 683 684 
466 467 467 470 475 484 491 497 498 496 494 491 490 490 490 491 492 490 494 496 486 465 531 704 788 792 801 804 794 785 783 784 781 781 782 783 786 791 790 800 706 509 548 642 675 688 671 700 696 685 686 685 685 685 686 686 686 686 687 688 688 688 688 688 
467 466 468 471 478 486 493 497 499 498 493 491 490 488 489 489 489 487 491 487 480 464 550 726 793 794 807 806 795 786 783 783 781 781 782 784 786 789 786 800 706 507 548 641 675 689 672 700 699 689 688 685 685 685 684 685 686 687 688 690 690 691 690 690 
468 468 470 473 480 487 494 499 499 497 493 491 490 489 489 488 487 486 489 483 474 467 566 749 797 796 802 801 796 793 791 792 787 784 786 786 787 789 782 794 702 507 548 635 672 691 674 703 702 691 690 686 683 681 682 682 684 686 689 691 693 692 691 691 
468 468 471 475 481 489 495 499 499 498 494 492 491 489 488 488 488 484 486 481 473 474 585 768 803 795 799 799 797 797 797 797 793 789 789 787 786 788 781 791 696 505 549 632 671 692 676 705 704 693 691 686 682 679 679 679 682 685 689 691 692 692 691 690 
470 470 473 477 484 490 496 499 498 496 494 491 491 490 489 488 486 484 485 478 476 488 603 778 805 795 798 798 798 798 798 798 794 791 790 789 786 787 780 791 689 496 547 635 672 693 678 707 707 697 693 688 682 679 678 679 682 685 689 691 693 693 692 691 
472 472 476 479 485 492 496 498 498 495 492 492 491 491 489 489 486 483 484 475 478 502 619 778 804 796 798 798 798 798 798 798 795 792 791 789 787 787 779 790 681 487 546 640 676 694 679 708 711 702 698 692 687 682 681 681 683 686 690 691 693 692 691 691 
475 476 479 481 487 492 495 497 495 494 492 492 492 492 491 491 490 490 492 482 497 517 631 796 811 796 798 798 798 798 798 798 797 794 791 789 787 787 777 790 670 480 546 648 683 696 681 710 716 708 704 698 693 688 686 685 686 688 689 691 692 693 692 691 
478 479 481 485 488 492 495 496 494 492 491 492 494 494 494 492 496 501 503 493 508 521 632 800 813 795 798 798 798 798 798 798 798 796 793 791 786 786 774 790 658 473 546 657 692 698 682 712 720 713 709 704 699 695 692 689 689 688 689 690 691 691 692 691 
482 484 484 486 490 492 493 494 491 489 490 491 493 495 495 494 499 508 511 501 510 527 646 797 810 796 798 798 798 798 798 798 799 796 793 790 787 786 774 790 649 469 547 665 698 699 685 714 722 716 713 709 706 701 697 694 691 690 689 689 689 691 691 690 
483 486 486 487 490 492 494 492 490 489 489 490 494 495 496 495 504 513 514 509 514 530 660 808 813 795 797 797 797 797 797 797 799 797 794 791 786 786 773 791 646 466 547 669 701 700 683 715 723 717 716 712 709 705 701 696 692 690 688 689 689 690 691 690 
485 489 489 489 488 488 488 487 489 489 488 489 492 495 495 502 478 506 526 490 502 600 746 824 810 797 798 798 798 798 798 798 798 796 795 795 787 785 773 785 629 472 547 665 706 703 700 716 719 721 718 717 714 711 707 702 698 696 695 695 696 698 699 699 
487 491 490 489 488 487 486 485 488 489 488 487 489 494 494 504 471 504 526 481 501 635 782 824 806 797 797 797 797 797 797 797 797 796 795 796 787 783 775 775 618 478 548 662 707 705 707 715 719 720 719 717 715 713 709 704 701 698 697 697 698 700 700 701 
489 491 490 489 488 486 485 485 485 486 485 485 488 491 492 500 475 505 519 477 503 648 793 817 801 797 797 797 797 797 797 797 796 796 795 797 788 783 776 765 613 482 551 661 709 711 709 711 718 720 719 718 717 715 711 707 704 701 699 698 699 701 702 702 
489 491 490 489 487 486 485 485 485 485 484 484 486 490 491 498 478 504 509 469 504 665 805 809 796 797 797 797 797 797 797 797 796 796 796 797 788 782 778 755 608 487 553 660 712 716 711 707 717 721 719 719 718 716 713 709 705 703 700 700 700 703 703 704 
490 491 490 489 487 486 485 485 485 485 484 484 486 491 492 497 485 502 494 461 509 679 812 801 792 797 797 797 797 797 797 797 796 796 795 797 787 781 778 753 605 489 556 660 713 720 712 706 716 720 720 720 719 717 715 711 708 704 702 702 703 704 705 706 
491 492 490 489 487 486 485 485 485 486 484 484 487 490 493 495 492 500 478 454 513 692 819 795 788 797 797 797 797 797 797 797 796 796 796 797 788 781 778 754 600 490 562 661 713 722 713 706 717 720 720 721 721 720 716 712 709 705 704 702 704 706 706 707 
492 491 490 489 487 486 486 485 487 487 486 486 489 493 496 498 500 496 464 452 532 708 814 790 789 798 797 797 797 797 797 797 796 796 795 797 787 782 777 756 593 494 571 664 713 721 713 709 718 720 720 721 721 720 717 713 710 706 705 704 705 706 706 708 
494 492 491 490 488 485 484 484 489 490 488 488 490 493 496 496 505 494 459 450 542 722 811 787 787 797 797 797 797 797 797 797 796 796 796 797 788 781 776 757 585 497 578 668 712 720 712 710 718 719 720 722 722 721 719 714 711 707 705 704 705 707 707 709 
496 494 493 491 488 486 484 483 483 483 482 482 487 493 506 518 506 478 436 474 641 760 772 786 793 796 797 797 797 797 797 797 796 796 796 797 788 781 773 752 577 502 591 672 708 716 713 709 725 726 725 727 728 727 724 721 712 707 706 704 706 708 707 708 
487 485 484 481 480 479 477 475 474 473 472 470 473 476 501 517 506 472 427 485 675 771 758 787 794 794 797 797 797 797 797 797 796 796 796 797 788 781 770 746 569 509 603 676 704 711 713 708 726 726 727 726 726 726 723 721 714 711 710 709 710 709 709 708 
471 468 466 464 461 460 458 456 455 453 451 449 449 446 477 494 502 470 422 488 678 769 755 789 794 794 797 797 797 797 797 797 796 796 796 797 789 781 767 741 562 513 614 680 700 707 713 707 728 727 727 727 726 725 724 722 715 715 714 713 712 712 710 708 
456 453 451 450 444 435 430 427 424 423 423 419 430 426 461 481 501 466 417 491 688 770 750 792 796 794 797 797 797 797 797 797 796 796 796 797 788 781 766 739 558 518 624 683 699 707 713 707 732 731 729 729 728 727 727 725 719 716 715 714 714 713 711 710 
451 451 449 450 441 427 416 410 414 421 421 416 402 412 462 486 502 463 413 492 694 771 746 793 795 793 797 797 797 797 797 797 796 796 796 797 788 782 767 736 558 521 628 683 696 709 712 708 734 732 731 729 730 729 727 726 720 718 717 717 716 715 713 712 
450 452 452 452 449 439 426 417 412 417 419 415 405 426 459 480 501 462 412 494 697 773 745 792 794 792 797 797 797 797 797 797 796 796 796 797 789 784 770 732 558 523 630 682 695 713 714 711 735 732 731 731 730 730 728 727 721 720 719 718 718 717 716 715 
455 454 456 455 461 462 447 428 413 419 440 463 452 450 451 462 495 460 412 495 700 774 744 792 795 793 797 797 797 797 797 797 796 796 796 798 788 786 773 730 559 528 635 681 693 717 714 713 734 733 731 731 730 729 728 727 721 720 720 719 719 718 718 716 
459 460 461 460 470 473 452 423 413 419 453 526 477 459 458 449 491 463 412 494 705 778 746 792 794 792 797 797 797 797 797 797 797 796 794 797 786 787 775 729 559 527 636 682 694 719 714 713 733 732 731 730 729 727 727 726 720 719 720 719 720 719 718 718 
460 462 463 463 474 472 449 419 411 418 459 512 465 464 457 456 479 445 416 521 709 771 734 780 793 792 797 797 797 797 797 797 798 796 795 797 786 782 767 722 536 644 672 686 711 725 717 723 720 721 721 720 720 719 717 715 715 713 713 712 711 710 709 708 
462 460 461 461 469 475 463 433 411 410 416 436 469 467 459 455 476 441 422 541 713 768 736 778 791 792 797 797 797 797 797 797 798 797 796 797 786 779 764 716 542 667 676 687 716 728 722 728 723 724 722 722 720 720 719 718 717 715 714 713 713 712 710 709 
459 451 444 446 455 463 462 446 424 412 413 424 449 479 474 461 481 444 431 553 721 771 743 784 793 794 797 797 797 797 797 797 798 796 795 797 786 780 765 713 540 672 682 685 717 727 725 732 725 726 724 723 723 722 721 720 719 717 717 717 715 713 712 711 
446 440 426 427 445 461 467 461 448 432 425 426 439 470 501 496 492 446 441 568 732 776 749 791 794 792 797 797 797 797 797 797 798 797 797 799 788 780 765 711 541 672 683 682 719 727 726 732 726 726 725 724 724 723 721 720 720 719 718 718 717 716 714 713 
453 445 437 437 453 473 487 486 476 458 440 431 438 452 488 519 498 453 451 582 742 783 758 800 797 793 797 797 797 797 797 797 797 797 798 798 788 781 766 709 548 670 683 681 720 726 724 730 727 726 725 725 724 723 721 721 721 720 719 719 719 717 717 714 
468 460 462 469 472 479 494 502 491 470 449 435 435 443 458 493 493 461 460 596 752 789 766 806 797 793 798 797 797 797 797 797 796 796 800 799 788 781 766 705 556 668 682 682 720 724 723 728 727 726 724 723 722 721 721 720 720 720 720 719 719 718 718 715 
465 466 470 473 470 465 473 484 482 465 448 444 440 438 440 453 486 467 468 611 761 792 773 812 799 793 797 797 797 797 797 797 796 797 800 799 789 782 768 701 562 666 683 681 720 723 722 727 726 725 724 723 722 721 721 720 720 719 719 719 720 718 718 717 
457 460 459 450 444 443 442 444 448 445 443 446 448 440 430 427 483 469 476 625 767 793 778 815 799 793 798 796 796 796 796 797 796 798 801 799 790 782 767 693 570 663 682 682 720 723 723 727 726 726 723 723 721 720 719 718 719 719 719 719 718 718 718 716 
452 444 433 422 419 422 428 427 427 434 442 448 453 453 444 431 488 461 478 640 772 791 780 812 802 797 798 796 795 795 796 797 796 798 798 795 789 780 762 692 580 660 681 685 719 723 724 729 727 725 723 721 720 719 717 717 718 717 718 718 718 717 717 715 
451 434 415 411 413 414 425 438 442 442 451 459 462 467 473 466 494 448 480 654 775 789 781 809 803 798 798 796 793 794 796 797 796 798 796 792 789 779 760 692 589 656 681 686 717 725 727 730 726 725 723 721 721 717 717 716 716 715 716 716 716 716 714 715 
455 438 421 419 420 420 434 458 474 470 466 471 474 477 489 497 497 440 483 668 777 786 782 806 802 799 798 795 793 793 795 797 796 797 796 792 788 778 760 689 598 650 680 687 714 727 728 731 727 727 723 721 719 717 716 715 714 715 715 715 715 714 713 713 
461 449 437 427 422 428 446 468 485 487 482 483 487 488 491 498 493 436 489 679 780 785 784 804 801 799 798 795 793 794 795 797 796 796 795 791 787 777 760 686 603 645 679 688 713 726 728 731 728 726 724 720 719 717 715 714 714 714 714 714 713 713 712 713 
471 461 447 432 422 428 447 462 470 479 484 484 486 489 487 484 490 437 488 682 780 785 785 803 802 800 798 795 793 794 795 797 794 795 794 790 786 776 759 685 603 646 680 688 711 725 727 729 729 727 724 722 719 716 714 714 714 714 713 714 713 713 711 713 
479 471 455 433 421 424 435 446 454 462 469 474 478 483 481 474 491 437 487 683 780 784 786 803 801 799 798 795 793 794 795 798 793 793 793 790 785 775 758 683 605 649 685 693 712 724 724 727 729 726 724 721 718 716 715 713 713 713 713 713 713 712 712 712 
475 467 449 426 411 412 420 432 446 454 457 464 479 487 488 485 493 434 487 685 781 784 787 803 801 800 798 795 793 794 795 797 793 793 792 787 784 774 757 683 609 656 695 703 716 723 723 726 730 727 725 721 719 716 714 713 713 713 713 713 713 712 711 712 
474 462 443 420 405 404 414 425 439 451 460 465 477 493 498 498 497 439 494 689 780 783 787 802 802 800 798 795 793 793 795 798 792 792 791 788 784 772 757 680 613 664 703 710 718 723 723 726 729 726 724 721 719 717 715 714 715 714 714 714 713 712 711 711 
488 474 450 429 418 416 424 431 442 449 452 459 470 484 491 489 473 417 494 698 780 779 785 800 802 800 797 795 793 792 791 791 788 787 786 784 780 766 740 674 620 681 716 721 722 721 722 725 728 727 726 723 720 719 717 717 720 718 718 716 714 713 712 712 
493 479 459 438 424 420 427 435 439 440 443 451 461 471 475 481 456 399 492 702 777 774 782 797 800 798 796 795 792 791 789 788 786 785 785 785 781 768 754 700 627 694 726 731 725 721 722 725 730 728 727 725 723 721 720 720 722 721 719 718 716 714 712 712 
496 488 470 449 428 416 419 424 427 424 428 439 449 458 464 477 458 400 489 698 775 770 778 794 796 795 794 793 791 789 787 787 785 785 784 784 784 774 761 711 633 704 732 737 727 720 722 726 732 730 729 727 725 724 722 722 725 723 721 720 717 715 714 713 
497 490 477 453 427 408 402 403 413 410 419 434 447 458 469 490 470 411 491 693 772 769 776 793 794 793 792 791 788 787 786 785 784 784 783 784 785 778 773 725 637 710 737 741 731 723 724 727 734 732 731 729 728 726 725 725 727 726 724 722 719 717 716 715 
488 483 474 453 422 396 385 380 401 423 430 443 457 471 484 507 477 413 485 688 770 768 777 793 793 791 790 789 787 785 784 784 782 782 782 782 783 781 777 732 644 709 740 744 738 732 729 729 737 735 733 732 730 730 728 728 730 728 726 724 721 719 717 717 
477 472 467 450 423 397 383 371 408 451 453 456 464 477 488 507 477 413 476 678 767 768 775 791 791 789 789 788 786 784 783 783 780 781 781 781 781 780 782 741 651 710 743 747 741 736 733 733 741 738 737 735 733 733 731 730 732 730 728 726 723 721 719 719 
476 474 474 466 450 430 414 400 419 451 466 456 455 462 471 477 479 424 471 662 761 769 775 791 791 787 787 785 785 784 783 782 778 780 780 780 780 779 785 747 655 712 745 747 744 741 737 736 744 741 740 738 736 735 733 733 735 733 730 728 725 723 720 719 
488 490 494 495 488 476 459 447 434 426 448 443 432 434 443 439 479 437 466 643 754 770 775 790 789 787 787 786 785 784 782 783 776 777 777 779 778 775 780 750 665 712 745 750 746 741 737 739 746 744 742 741 739 737 735 734 735 733 731 729 726 724 722 720 
492 495 500 502 495 482 463 446 444 436 435 430 426 431 445 446 489 439 461 631 750 765 770 786 785 781 780 778 776 776 775 774 774 772 773 775 775 768 762 741 687 707 745 755 746 734 735 742 745 745 743 741 739 737 736 735 735 733 732 729 727 725 724 720 
492 494 501 501 493 477 457 442 429 424 422 420 428 442 464 470 502 437 455 621 747 759 763 781 780 776 774 774 773 772 771 770 773 772 773 774 775 769 764 743 689 707 743 755 747 736 736 742 746 745 743 742 739 737 737 735 734 733 731 729 729 726 726 721 
492 495 500 500 492 476 457 443 413 405 410 417 428 449 475 486 513 438 451 612 743 754 759 776 776 774 774 773 772 771 770 770 773 771 772 774 775 768 762 744 696 704 742 752 746 737 736 741 745 744 743 741 739 738 736 735 734 732 731 731 728 728 727 722 
491 495 500 498 490 474 455 442 415 409 412 417 428 447 472 481 509 436 449 610 739 751 757 775 775 772 772 771 770 770 770 769 772 771 772 774 775 769 762 746 701 703 740 751 747 739 737 741 745 744 743 741 738 737 737 734 733 732 730 729 729 727 726 721 
488 494 499 498 489 472 457 439 428 423 420 420 427 439 461 463 509 448 451 605 736 751 754 773 773 771 770 770 770 769 769 769 772 771 772 774 775 769 762 747 705 700 739 750 746 740 738 740 744 743 742 741 739 737 737 734 733 731 729 728 730 727 724 717 
485 493 498 496 487 470 455 438 431 427 421 420 426 437 456 458 505 446 451 605 735 753 752 771 772 770 770 769 769 769 769 769 772 771 772 774 775 769 761 749 711 698 736 747 746 742 739 739 744 742 741 740 738 737 737 735 732 730 728 727 729 727 720 713 
484 493 496 494 485 468 454 438 425 422 419 420 427 441 460 465 498 438 452 596 729 753 749 769 772 769 769 769 769 769 769 768 772 771 773 774 775 769 761 750 716 699 739 748 746 743 739 738 743 742 742 740 738 737 737 735 731 731 727 726 730 726 718 711 
483 494 497 495 484 467 452 438 421 416 415 416 425 441 462 470 499 443 456 580 721 755 749 767 770 768 768 768 768 769 769 769 773 772 773 774 775 770 762 755 722 685 723 741 743 742 738 736 741 740 739 739 739 738 738 736 733 731 728 726 728 724 716 711 
450 450 452 453 454 453 452 454 454 453 453 453 450 450 450 449 448 448 448 447 450 452 452 452 448 447 447 447 446 446 446 445 
450 450 452 453 454 453 452 454 452 452 452 451 450 450 449 448 448 448 448 448 451 452 453 452 449 448 448 447 447 447 446 446 
450 450 452 453 454 453 452 454 452 452 452 451 450 450 449 448 448 448 448 448 452 452 453 452 449 449 448 448 448 447 447 446 
450 450 452 453 454 453 452 452 452 452 453 450 450 450 449 448 448 448 448 448 452 452 453 452 450 449 449 449 448 448 447 447 
450 450 452 453 454 453 452 452 452 451 451 450 450 449 449 448 448 448 448 448 452 452 453 452 450 450 450 449 449 448 448 447 
450 450 452 453 454 453 452 452 452 451 451 450 450 449 449 448 448 448 448 448 452 452 453 452 451 451 450 450 449 449 448 448 
450 450 452 453 454 453 452 452 452 451 451 450 450 449 449 448 448 448 448 448 452 452 453 452 452 451 451 450 450 449 449 449 
450 451 452 453 454 453 452 452 452 451 451 450 450 449 449 448 448 448 448 448 452 452 453 452 452 452 452 451 451 450 450 449 
451 452 452 452 454 453 452 452 452 451 451 450 450 449 449 448 448 448 448 448 452 452 453 453 458 460 460 460 460 460 460 459 
452 452 452 452 454 453 452 452 452 451 451 450 450 449 449 448 448 448 448 448 452 452 453 453 458 460 460 460 460 460 460 459 
452 452 452 452 454 453 452 452 452 451 451 450 450 449 449 448 448 448 448 448 452 452 453 453 458 460 460 460 460 460 460 459 
452 452 452 453 455 453 453 452 452 451 451 450 450 449 449 448 448 448 448 448 452 452 453 453 458 460 460 460 460 460 460 459 
455 455 455 455 455 454 454 454 452 451 450 450 450 449 449 448 448 448 448 448 452 452 453 453 460 461 461 461 461 461 461 461 
456 456 456 455 455 455 455 454 452 451 450 450 450 449 449 448 448 448 448 448 452 452 453 453 465 467 467 467 467 467 467 467 
456 456 456 455 455 455 455 454 452 451 450 450 450 449 449 448 448 448 448 448 451 452 453 453 465 467 467 467 467 467 467 466 
455 456 456 455 455 455 455 454 452 451 450 450 450 449 449 448 448 448 448 449 453 453 453 454 465 467 467 467 467 467 467 466 
455 455 456 455 455 455 455 454 452 451 450 450 450 449 449 448 462 463 462 463 464 465 466 469 466 466 466 466 466 466 466 465 
457 455 455 456 455 455 455 455 452 451 450 450 450 449 449 450 463 464 464 464 465 466 467 469 466 467 467 467 467 467 467 465 
457 457 455 455 456 455 455 455 452 451 450 450 450 449 449 450 463 464 464 464 465 466 467 469 466 467 467 467 467 467 467 465 
455 457 457 455 455 456 455 455 452 451 450 450 450 449 449 450 463 464 464 465 465 466 467 469 466 467 467 467 467 467 467 465 
455 455 457 457 455 455 456 455 452 451 450 450 450 449 449 450 463 464 464 465 466 466 467 469 466 467 467 467 467 467 467 465 
455 455 455 457 457 455 455 455 452 451 450 450 450 449 449 450 463 464 464 465 466 466 467 469 466 467 467 467 467 467 467 465 
455 455 455 455 457 457 455 455 452 451 450 450 450 449 449 450 463 464 464 465 466 466 467 469 466 467 467 467 467 467 467 465 
455 455 455 456 455 457 457 455 452 451 450 450 450 449 449 450 463 463 464 465 468 469 471 473 468 467 467 467 467 467 467 466 
455 455 456 456 456 455 456 455 452 451 450 450 450 449 449 450 444 445 450 455 470 472 473 475 471 470 470 470 469 468 468 467 
455 456 456 456 455 456 455 455 452 451 450 450 450 450 450 449 444 446 450 455 470 471 473 474 471 471 471 470 469 469 469 467 
456 456 456 455 456 456 455 455 452 451 450 450 450 450 450 449 444 446 450 455 470 471 473 474 471 471 471 470 469 469 469 468 
456 456 455 455 456 456 456 455 452 451 450 450 450 449 449 449 444 446 450 455 470 471 472 473 471 471 471 471 469 469 469 469 
456 455 457 455 456 456 456 455 452 451 450 450 449 447 446 446 444 446 450 455 469 471 472 473 473 472 472 472 471 470 470 470 
457 455 457 455 456 456 456 455 452 451 450 450 447 446 446 445 444 446 450 455 468 471 472 473 473 473 473 472 471 471 471 470 
457 455 455 456 456 456 456 455 452 451 450 450 446 446 446 445 444 446 450 455 467 472 472 473 473 473 473 472 471 471 471 470 
456 455 455 456 456 455 455 455 453 450 450 450 446 445 445 445 442 445 450 454 465 470 471 472 471 471 471 471 470 470 470 470 
814 813 813 813 805 804 806 807 808 790 756 721 625 589 570 561 556 556 556 556 563 568 571 575 579 579 579 579 579 579 580 580 
814 813 813 813 805 804 806 807 809 786 749 715 613 572 565 558 557 557 557 557 565 570 573 576 579 579 579 579 579 579 579 580 
814 813 813 813 805 804 806 807 811 784 739 702 607 567 564 557 557 557 557 557 565 570 573 576 578 578 579 579 579 579 579 579 
814 813 813 813 805 804 806 807 811 781 734 697 595 567 562 554 556 557 557 558 565 570 573 576 578 578 578 578 579 579 579 579 
814 813 813 813 805 804 806 807 818 778 713 658 582 555 549 546 551 554 558 562 566 570 573 576 578 578 578 578 578 578 579 579 
813 813 813 813 805 804 806 807 817 775 706 646 578 549 544 542 550 554 559 563 566 569 573 576 577 577 578 578 578 578 578 579 
813 813 813 813 805 804 806 807 815 772 705 641 573 544 539 537 549 554 559 563 566 570 573 576 577 577 577 577 578 578 578 578 
813 813 813 813 805 804 806 807 814 770 704 635 569 541 536 535 549 554 559 563 566 570 573 576 576 577 577 577 577 578 578 578 
811 811 811 811 805 804 806 807 799 749 683 613 570 546 539 538 549 554 559 563 566 569 573 576 570 569 569 569 569 569 569 569 
811 811 811 811 805 804 806 807 794 743 675 607 570 547 539 539 549 554 559 563 566 570 573 575 570 569 569 569 569 569 569 569 
811 811 811 811 805 804 806 806 796 743 676 607 570 547 539 538 549 554 559 563 566 570 574 575 570 569 569 569 569 569 569 569 
811 811 811 811 805 805 808 807 796 741 672 605 570 547 539 538 549 554 559 563 566 571 574 575 570 569 569 569 569 569 569 569 
814 814 814 814 809 808 809 809 793 736 668 603 569 547 539 538 549 554 559 563 566 570 574 575 570 569 569 569 569 569 569 569 
814 814 814 814 810 809 809 810 796 741 672 609 570 547 539 538 549 554 559 563 567 571 574 575 570 569 569 569 569 569 569 569 
814 814 814 813 809 809 809 810 795 738 669 608 570 547 539 538 549 554 559 563 567 571 574 575 570 569 569 569 569 569 569 569 
814 815 815 813 809 809 809 809 785 725 658 598 568 547 539 538 549 554 559 563 567 572 575 575 569 569 569 569 569 569 569 569 
815 814 814 812 810 808 808 805 754 696 620 567 565 548 539 538 549 554 559 563 572 573 575 574 569 569 569 569 569 569 569 569 
812 814 813 812 811 809 805 804 740 681 604 551 563 548 539 538 549 555 559 563 571 572 574 573 569 569 569 569 569 569 569 569 
809 811 813 811 810 808 806 803 734 675 599 546 562 549 539 538 550 555 560 564 570 571 572 571 569 569 569 569 569 569 569 569 
809 808 809 811 809 809 806 804 738 680 604 550 563 549 539 540 551 556 560 564 570 570 571 571 569 569 569 569 569 569 569 569 
806 808 806 807 808 807 807 805 736 677 601 548 558 545 541 544 551 556 560 564 570 570 571 571 569 569 569 569 569 569 569 569 
803 805 806 804 805 805 806 804 736 677 601 547 557 545 541 545 551 556 560 564 569 570 571 571 569 569 569 569 569 569 569 569 
799 801 803 802 802 803 805 803 736 677 601 547 557 545 541 544 551 556 560 564 570 570 571 571 569 569 569 569 569 569 569 570 
797 796 799 801 801 802 802 803 735 676 600 546 557 545 542 546 553 556 561 564 568 569 570 570 569 569 569 569 569 569 569 570 
796 797 799 801 803 805 804 807 747 689 613 560 548 544 561 564 550 549 548 550 559 562 565 567 566 566 566 566 568 568 568 569 
798 799 801 800 804 805 805 806 748 692 615 561 546 546 564 567 548 549 549 550 557 559 562 565 566 566 566 566 568 568 568 569 
800 801 800 799 804 805 805 807 748 691 615 560 547 546 564 566 548 549 549 549 554 557 559 562 566 566 566 566 568 568 568 570 
800 800 799 802 805 805 805 807 748 691 615 560 547 546 564 566 549 549 548 550 555 557 559 562 566 566 566 566 568 568 568 572 
799 800 800 803 804 804 805 807 747 690 614 559 546 546 564 566 553 546 546 554 556 559 562 564 565 565 565 566 572 572 572 573 
799 800 800 803 804 805 805 807 749 693 616 561 547 546 564 566 552 544 546 555 557 559 562 564 565 565 565 566 572 572 572 573 
799 800 801 804 804 804 805 806 753 698 621 566 547 546 564 566 552 544 546 554 556 559 561 564 565 565 564 566 572 572 571 573 
799 799 802 804 804 804 804 806 756 701 624 569 548 544 564 565 553 546 548 554 556 559 561 564 567 567 567 569 573 573 573 576 
