1 1 0 2 1 0 0 0 0 0 0 0 
0 0 0 0 0 0 0 0 0 0 0 0 
0 0 0 0 0 0 0 0 0 0 0 0 
294 293 295 300 302 304 309 318 327 332 340 348 357 363 371 377 380 386 388 387 396 394 383 367 362 355 377 490 587 482 467 427 389 362 356 355 357 362 372 377 374 355 399 467 519 562 568 573 561 565 565 560 564 566 567 568 577 585 596 606 617 628 633 632 
299 298 299 302 304 304 308 318 328 337 344 351 358 362 368 373 377 383 387 388 393 394 384 370 365 316 441 602 663 473 464 441 427 427 411 371 352 350 348 358 355 361 386 416 437 464 508 549 545 555 560 558 559 560 560 562 571 580 591 603 612 624 630 630 
293 296 299 300 304 304 307 319 330 342 349 357 364 363 365 369 374 382 387 389 394 395 389 387 392 383 555 653 596 461 456 421 429 436 416 359 312 294 284 275 288 338 374 360 348 366 412 503 516 531 546 550 555 557 558 561 566 574 586 598 605 616 623 626 
298 300 299 300 303 303 308 319 333 350 361 370 375 364 365 365 372 383 387 391 395 395 392 403 418 526 653 626 463 460 441 414 382 349 315 292 277 270 281 290 294 316 373 384 347 338 372 459 483 501 521 533 550 556 557 559 559 564 573 583 592 602 609 612 
316 312 310 310 311 311 314 321 332 347 357 366 373 370 373 377 383 389 394 401 409 425 449 472 498 590 582 495 434 443 422 381 349 319 309 292 296 316 337 354 349 349 371 396 381 356 371 449 467 473 487 501 516 532 546 556 556 554 558 567 580 595 607 609 
338 327 322 324 326 326 325 331 339 347 355 364 373 379 388 400 407 411 427 442 445 451 487 506 523 562 479 432 432 424 409 366 337 319 313 296 294 307 326 353 366 368 364 377 390 376 374 429 439 445 460 478 488 501 517 534 545 553 556 557 564 585 596 601 
341 335 332 337 341 347 350 348 345 345 350 361 374 391 411 427 436 436 452 467 466 484 502 509 510 495 448 423 422 413 401 367 338 321 314 297 280 276 287 302 309 331 339 315 318 342 364 389 404 411 427 446 461 479 496 511 523 542 552 555 556 565 580 588 
315 331 347 360 366 363 357 351 346 342 342 356 373 401 430 447 459 467 468 474 490 504 510 512 495 451 434 414 408 406 393 366 346 336 329 315 299 294 298 306 277 276 291 261 230 238 301 351 368 370 381 397 412 431 450 466 484 524 551 554 554 550 557 577 
301 316 324 323 324 330 346 369 379 361 359 367 384 410 437 456 468 473 478 488 499 515 515 507 484 434 421 406 399 398 392 372 353 350 349 342 339 345 330 312 300 286 289 283 278 275 290 300 309 319 328 336 357 374 386 400 402 428 462 501 523 535 542 564 
298 308 312 306 308 314 325 330 339 352 359 370 390 415 442 460 471 474 480 496 515 515 519 502 460 418 410 398 384 389 392 384 371 365 360 362 352 334 306 286 292 292 294 291 286 283 279 275 281 295 309 318 336 344 348 354 346 373 394 431 474 504 528 551 
297 305 311 326 340 335 327 312 311 349 360 375 396 419 445 460 472 480 485 504 533 510 508 480 440 405 399 389 375 387 394 397 389 381 380 380 376 368 358 358 370 375 369 358 339 321 311 308 315 319 324 327 337 343 343 342 345 351 355 381 412 434 479 524 
307 310 317 343 364 371 371 370 370 375 376 383 402 424 446 458 472 487 503 521 534 517 491 445 431 409 388 360 358 362 383 394 416 441 449 451 458 468 462 456 453 446 436 425 408 385 368 362 355 346 341 340 342 343 343 341 342 340 348 355 365 383 418 446 
314 318 323 331 344 365 377 392 396 388 383 385 402 426 448 458 474 494 514 525 526 479 458 434 418 395 390 415 431 442 449 450 447 445 429 407 379 358 349 338 327 328 334 331 326 320 316 313 300 298 296 296 285 289 291 291 304 324 352 356 361 367 381 399 
311 327 336 324 318 313 324 361 376 373 372 380 403 429 451 461 479 503 522 526 518 468 458 450 442 433 446 479 483 488 460 430 401 391 355 317 277 241 228 220 216 219 225 226 228 235 244 251 257 261 263 261 252 266 268 269 273 295 329 345 363 366 369 378 
296 305 313 313 313 294 299 338 360 361 367 380 408 434 454 463 483 510 528 525 510 486 483 480 486 488 488 477 457 439 404 393 391 397 385 367 357 347 339 335 316 296 290 285 284 280 280 283 292 292 285 275 256 267 269 266 271 272 289 313 326 341 352 359 
290 295 304 311 320 341 345 350 368 371 376 389 415 438 457 465 485 513 533 527 507 491 501 499 503 489 457 406 390 374 371 368 382 388 390 379 365 356 370 378 384 393 382 371 354 340 334 330 331 328 319 307 270 273 270 267 267 270 277 294 295 315 328 332 
291 292 298 312 329 354 366 372 376 387 399 409 426 448 462 471 488 523 531 525 507 492 488 473 459 450 439 424 423 417 408 396 382 368 366 360 359 357 365 374 385 412 435 448 440 412 373 350 347 344 337 335 363 323 326 309 271 270 277 283 292 293 308 316 
291 291 299 311 331 349 367 379 384 407 415 429 444 463 468 483 509 526 534 538 539 539 535 514 491 482 475 474 470 463 457 452 444 441 426 416 409 402 392 380 369 349 335 323 312 302 289 280 280 280 280 284 318 316 312 300 279 275 277 279 280 280 285 290 
290 292 299 313 332 348 366 384 393 416 432 450 462 475 493 514 527 548 559 567 573 576 566 542 522 516 512 508 498 490 487 491 495 499 483 468 442 420 402 381 367 329 287 261 239 233 254 265 260 253 251 254 267 276 265 258 254 249 247 246 245 248 253 260 
291 292 301 316 334 348 366 385 398 420 440 463 489 497 518 541 552 561 567 565 555 535 502 472 458 459 464 467 460 453 451 452 458 465 464 455 434 413 399 384 379 363 339 328 321 313 314 312 297 272 261 262 259 252 240 229 226 230 232 234 235 236 240 244 
290 298 305 319 334 347 364 384 396 416 441 469 488 503 535 558 556 556 556 541 515 475 435 412 409 410 415 414 406 400 395 391 388 387 395 403 411 412 399 390 380 368 360 353 348 340 327 318 308 284 275 277 274 254 246 236 228 224 226 228 228 231 232 234 
292 300 306 320 334 346 362 379 388 408 431 459 480 505 531 549 544 539 534 516 488 457 431 424 424 418 415 412 401 395 388 377 365 354 362 377 407 425 420 419 397 365 334 310 299 298 299 293 288 281 276 273 271 264 253 242 233 232 233 231 234 234 234 235 
297 303 308 320 333 347 361 375 382 391 421 445 471 501 524 529 521 517 501 477 455 437 428 430 425 408 403 400 394 388 379 369 363 361 361 369 389 405 413 422 409 377 352 332 316 308 310 306 301 297 288 280 274 263 257 247 237 235 238 236 231 234 235 236 
298 302 305 317 334 346 362 373 375 385 416 436 468 501 516 517 516 509 484 453 429 413 406 403 395 383 382 384 383 377 371 367 360 351 357 351 349 353 360 365 366 361 364 382 383 361 329 298 276 261 259 268 268 256 254 256 252 241 243 238 231 235 235 237 
322 333 347 354 355 365 377 393 408 421 436 454 480 506 512 513 511 507 480 452 429 411 399 390 378 370 371 372 370 366 364 368 377 392 370 345 338 330 336 344 342 344 356 357 360 370 349 317 308 299 263 228 227 235 246 247 249 243 241 237 235 235 236 238 
346 381 413 423 426 440 454 467 478 474 479 491 506 513 512 510 504 501 475 451 430 411 398 383 368 364 363 361 357 352 350 353 355 367 358 348 360 350 344 337 328 335 340 334 332 346 346 346 365 370 315 272 244 239 243 240 242 238 237 236 236 235 235 235 
372 421 455 463 475 493 506 510 510 508 515 528 531 520 511 507 500 487 463 445 428 409 397 377 356 349 346 344 342 338 335 334 321 304 324 348 358 364 351 331 321 322 323 327 331 335 342 343 344 347 322 287 267 252 247 240 243 235 235 233 232 231 232 232 
396 422 436 449 475 485 496 504 509 520 529 544 535 524 511 507 499 486 463 443 426 410 396 378 357 346 338 334 333 327 319 317 308 294 297 310 312 325 334 338 330 321 317 315 324 326 332 332 311 279 283 282 268 261 256 246 243 230 230 226 225 224 225 226 
426 430 436 449 467 474 482 492 501 519 532 543 534 525 513 508 500 491 471 450 429 410 397 378 366 355 345 339 335 327 314 306 302 298 288 276 275 284 299 316 318 315 316 314 315 315 318 319 310 296 293 281 274 261 256 245 241 226 227 222 221 220 219 218 
476 481 491 502 511 511 513 517 523 529 534 542 533 526 518 511 505 495 483 469 452 431 408 387 376 367 356 348 343 334 321 310 301 291 290 291 285 285 284 275 284 298 305 311 314 316 317 307 304 307 292 280 271 260 254 243 238 227 227 223 218 215 214 213 
535 544 550 553 554 545 538 537 538 538 538 541 533 527 520 515 509 508 502 492 479 461 432 408 397 387 378 367 360 350 334 319 303 289 289 294 292 284 284 270 271 284 281 285 299 312 314 305 296 292 286 279 271 261 253 241 238 231 227 222 217 212 209 206 
559 562 564 563 563 550 543 542 542 539 539 542 533 528 522 518 514 515 509 497 488 473 444 422 414 404 396 387 375 362 343 324 304 289 291 277 272 283 283 302 300 283 277 277 288 295 298 294 289 287 285 278 271 260 253 241 237 234 230 223 218 213 206 203 
563 568 571 571 570 565 558 554 550 548 546 545 541 535 529 524 521 522 515 508 498 483 466 456 451 446 432 415 402 379 363 339 321 304 296 283 272 277 283 293 296 281 276 271 271 271 271 269 271 282 279 274 268 261 253 243 238 238 235 229 222 213 207 201 
569 575 578 577 576 571 565 558 554 552 550 546 543 538 533 530 529 529 524 514 504 500 498 492 476 481 452 439 419 389 383 357 337 318 302 289 276 275 281 283 281 280 273 269 265 263 260 258 259 274 275 273 270 264 256 248 242 240 238 232 223 215 206 202 
584 590 592 591 586 581 575 569 565 561 558 553 548 544 540 540 539 533 528 520 513 512 514 512 505 504 481 451 429 404 391 375 356 335 315 300 285 276 277 275 273 273 269 271 270 269 264 259 259 263 265 271 275 270 259 252 248 242 240 233 224 216 207 201 
609 614 615 611 606 600 595 589 585 579 574 567 560 554 549 545 544 541 535 530 527 520 516 520 525 521 506 471 440 422 406 388 380 356 332 317 303 284 276 270 264 253 258 264 272 275 272 266 262 255 249 259 271 269 262 257 252 244 242 234 224 216 207 202 
624 625 625 623 618 613 609 603 599 594 589 582 575 566 559 552 547 548 547 543 535 530 529 529 526 528 513 494 465 440 422 407 398 376 354 334 316 301 284 271 258 249 248 248 254 261 264 264 262 251 242 241 254 263 263 261 255 246 242 234 224 215 206 202 
627 627 625 623 619 615 611 607 604 600 597 592 587 581 572 564 557 556 554 551 547 544 541 537 532 533 527 511 492 467 440 436 414 398 377 354 335 322 302 280 262 253 248 243 244 248 253 257 254 245 241 232 233 249 259 260 255 247 242 232 222 211 204 199 
627 625 623 621 619 614 611 606 603 601 599 597 597 592 586 578 572 569 562 561 561 555 548 546 547 544 538 531 512 498 472 452 436 419 399 376 356 339 319 298 280 265 256 247 246 247 247 246 243 238 237 231 228 230 243 252 251 247 242 232 220 210 202 198 
626 624 623 622 619 614 611 607 603 600 600 600 600 599 596 591 587 583 577 571 564 563 561 560 557 558 547 544 535 522 495 486 450 440 421 398 375 353 331 311 295 281 265 249 243 239 237 235 230 228 229 229 229 223 220 234 247 246 241 231 219 209 201 197 
626 625 623 621 619 617 614 611 607 603 600 600 599 599 598 596 594 588 585 581 577 573 571 570 570 570 555 547 540 523 507 474 457 444 428 408 386 365 341 319 302 290 274 254 244 238 235 231 227 223 224 224 224 221 219 222 235 238 230 221 212 203 197 192 
625 625 624 624 621 621 620 619 616 610 604 600 599 596 597 596 596 589 587 586 586 581 578 578 581 581 564 550 541 526 510 475 463 451 439 422 401 381 357 332 313 301 285 263 254 242 235 232 225 220 222 221 220 219 218 218 223 229 217 209 202 196 193 192 
629 629 630 629 628 629 629 629 626 620 612 604 598 597 596 595 596 589 587 586 587 585 582 583 590 590 573 557 548 533 513 494 474 463 452 437 417 397 373 348 327 314 296 273 263 248 236 231 226 220 221 219 215 214 214 213 215 218 207 199 194 191 190 191 
643 642 642 641 641 640 640 640 638 632 624 614 605 599 596 595 594 590 588 587 587 588 586 588 597 597 579 562 553 531 524 512 494 477 464 449 429 411 389 363 342 330 312 288 277 254 242 234 228 219 218 217 213 209 208 209 210 208 198 192 189 189 191 191 
654 654 653 653 653 653 652 650 649 644 636 626 616 606 599 595 594 589 588 588 587 588 586 589 597 600 591 573 559 549 540 523 512 493 484 472 448 428 407 382 359 342 323 299 285 272 252 239 233 221 218 213 211 208 205 205 204 201 193 190 189 189 190 190 
659 659 659 660 660 660 660 659 658 654 648 637 627 616 606 599 596 592 591 589 587 588 587 589 597 602 601 583 565 560 553 547 530 516 492 480 464 447 431 406 383 363 345 324 307 290 264 247 237 224 217 210 207 206 203 200 199 194 192 190 189 190 191 190 
663 663 664 665 665 665 664 662 662 658 653 644 632 620 611 603 600 595 592 589 588 589 587 589 597 601 601 590 570 562 558 557 553 540 503 488 478 463 450 427 403 383 365 346 328 310 291 274 256 228 218 207 202 202 201 198 194 192 192 191 191 191 191 191 
667 667 668 668 668 667 667 664 663 658 652 644 634 623 615 608 605 599 594 591 588 588 588 588 596 599 599 594 574 566 563 562 564 551 513 491 472 468 454 433 412 393 374 355 335 319 306 285 261 238 221 207 201 198 196 195 193 190 192 194 194 193 192 192 
672 672 671 672 671 670 669 667 664 659 652 644 634 625 618 613 607 603 598 593 590 589 588 589 592 597 597 595 578 566 558 555 548 533 512 484 474 472 455 436 420 408 387 369 348 324 307 289 268 245 227 210 201 196 193 191 190 190 188 190 190 190 189 188 
676 676 675 676 674 673 672 671 667 660 651 642 633 626 621 617 612 607 602 596 591 590 589 588 588 595 594 594 578 564 558 555 546 528 512 484 478 474 459 441 427 419 404 385 363 333 312 296 277 255 233 217 202 197 194 192 191 190 189 189 191 191 190 188 
680 680 680 679 678 677 676 674 670 662 652 642 634 627 625 623 619 613 608 603 598 591 590 589 588 590 590 591 577 563 557 555 546 527 511 483 479 475 462 448 434 424 417 401 379 347 324 303 284 266 245 226 209 198 194 191 190 191 190 190 191 191 190 189 
681 681 681 681 680 678 678 676 672 665 653 642 634 631 631 631 628 621 615 610 607 594 590 589 589 589 589 588 576 563 558 556 548 530 515 487 480 479 467 455 443 430 424 415 396 369 345 323 300 274 256 234 217 202 195 191 190 192 193 191 192 191 191 190 
682 681 681 681 680 679 678 677 674 667 657 646 638 636 638 640 638 632 627 618 608 604 593 590 590 589 588 588 576 562 559 558 551 536 522 495 488 486 474 462 451 441 429 423 411 387 361 339 314 284 265 244 225 208 197 192 191 192 193 192 191 190 190 190 
681 681 681 681 680 679 678 677 674 669 659 649 643 642 644 647 647 643 639 628 611 607 602 593 590 589 589 588 577 563 560 559 553 543 530 503 497 493 480 468 457 449 438 429 420 401 379 355 331 299 274 256 234 217 201 194 192 192 192 192 190 189 188 188 
682 682 682 682 681 680 678 678 674 667 659 651 646 646 649 651 651 648 646 637 621 608 607 599 593 592 591 590 578 564 559 559 555 548 535 512 505 500 486 471 461 454 447 436 425 410 397 378 352 312 286 264 245 224 208 196 193 193 191 191 189 187 186 186 
683 683 682 681 680 679 678 677 673 668 660 652 648 649 652 655 653 650 649 645 631 616 608 607 598 594 593 592 581 564 561 560 556 550 540 517 512 507 489 475 466 460 454 447 433 419 411 401 375 333 301 275 256 235 217 201 194 194 192 189 188 186 185 184 
683 681 679 678 677 675 674 673 672 670 663 655 651 652 656 659 657 651 653 649 637 622 611 610 601 598 596 590 577 565 562 561 557 552 545 528 515 508 497 481 468 461 455 447 437 428 420 414 391 342 312 280 262 240 221 206 198 196 192 188 185 182 179 178 
683 680 679 678 677 676 675 673 672 668 662 654 651 652 655 658 657 651 653 649 636 622 612 610 601 599 597 588 578 565 562 561 560 555 549 539 518 510 501 486 472 464 456 448 440 430 421 415 396 356 322 287 267 246 223 210 200 197 195 189 182 176 173 172 
683 681 679 678 677 675 674 673 671 669 661 654 652 653 656 659 657 652 652 648 635 622 612 610 601 600 597 589 577 567 563 562 561 557 553 546 528 514 506 490 479 469 461 453 447 441 433 428 412 373 340 303 277 253 234 215 202 199 195 189 182 172 167 168 
683 682 680 679 677 676 674 672 671 668 661 654 651 652 655 658 656 652 652 647 634 621 612 609 600 599 596 588 578 568 562 561 561 560 556 550 540 520 507 491 487 474 466 461 454 447 440 433 422 393 358 324 292 262 245 222 205 203 196 190 182 172 167 167 
682 681 679 678 676 674 673 671 671 668 662 655 653 654 656 658 656 653 652 646 633 620 612 609 600 600 598 590 579 568 563 561 560 560 559 556 549 532 516 503 493 479 475 462 458 452 443 436 427 406 373 338 306 281 257 233 212 209 200 192 183 173 166 167 
680 679 678 677 675 673 671 670 670 668 661 654 652 654 656 657 656 653 652 645 632 620 612 608 600 600 598 590 579 569 562 561 561 561 560 560 556 540 525 510 496 484 481 462 464 457 449 442 434 421 394 358 326 300 273 250 227 218 208 198 187 174 169 168 
678 679 678 675 673 671 668 666 665 664 657 651 649 650 652 653 653 652 652 646 632 619 613 609 601 597 594 588 580 570 565 563 563 561 561 560 556 541 527 512 499 489 485 468 469 462 454 447 439 430 412 382 348 316 286 264 244 228 215 203 190 177 171 171 
677 678 677 674 672 669 666 664 662 661 654 648 647 647 648 649 650 651 652 645 631 620 613 608 600 593 592 586 580 573 567 567 568 565 561 559 556 543 530 515 502 495 488 477 473 467 459 452 445 434 422 397 362 329 294 269 252 237 222 208 194 180 174 173 
513 509 510 509 508 508 508 507 510 514 513 514 513 512 512 512 511 509 507 507 506 504 499 496 481 478 473 463 458 452 449 451 
512 508 508 507 507 506 506 505 505 506 506 506 506 506 506 506 506 505 503 503 504 503 502 501 492 488 484 474 466 458 454 455 
513 508 508 508 507 507 506 506 504 503 503 503 503 503 503 503 504 505 504 504 504 503 501 501 492 491 487 477 469 462 458 458 
512 507 507 507 507 506 505 505 505 504 504 504 504 504 504 504 504 504 504 505 505 504 502 500 502 502 497 488 477 468 462 462 
512 506 506 505 504 504 504 504 504 504 504 504 505 505 505 505 505 505 505 505 505 505 504 504 506 510 507 498 491 481 477 479 
512 507 505 504 503 503 503 503 503 503 503 504 504 504 504 505 505 505 505 505 505 505 505 505 514 517 515 506 496 487 483 484 
513 508 506 505 504 503 503 503 503 503 503 503 503 503 504 504 505 505 505 505 505 505 505 505 516 520 518 511 500 491 487 487 
513 508 507 506 504 503 502 502 502 502 502 502 503 504 504 505 505 505 506 506 506 506 506 504 514 516 517 510 504 494 491 491 
510 504 501 497 495 495 495 496 496 497 498 499 501 502 505 506 512 513 513 513 513 513 513 513 508 506 507 506 505 503 501 501 
509 501 497 493 491 491 491 492 494 496 496 499 500 502 505 507 513 515 515 515 515 515 515 515 509 505 505 504 504 504 503 503 
506 497 493 489 487 487 487 487 489 493 495 498 500 502 504 506 513 515 515 515 515 515 515 515 509 505 505 504 504 503 503 503 
499 491 489 486 485 485 485 485 486 489 490 492 495 497 500 502 513 516 516 515 515 515 515 515 509 505 504 504 504 504 504 504 
492 484 482 480 479 480 480 480 478 479 482 484 487 490 493 495 507 515 518 516 515 515 515 515 511 506 505 504 505 504 503 504 
484 478 477 476 475 475 475 475 473 473 475 479 481 484 487 490 503 513 516 516 516 515 515 514 512 508 506 506 505 504 504 505 
480 473 473 474 471 469 470 470 469 469 473 477 479 483 487 488 502 513 516 516 515 515 515 514 512 509 508 507 505 505 505 505 
478 470 471 471 468 464 465 465 467 469 471 475 479 482 486 489 502 512 516 516 516 516 514 515 514 511 510 508 507 507 506 505 
465 459 459 458 458 458 459 459 465 472 473 474 476 479 482 485 492 501 506 509 513 516 517 516 515 514 514 513 513 513 513 513 
463 459 458 457 457 457 457 457 466 475 475 476 476 477 479 481 488 495 500 505 509 515 518 516 514 515 515 515 515 515 515 515 
463 459 458 457 456 456 457 458 467 475 474 475 474 474 476 478 485 492 498 501 508 515 518 516 514 515 515 515 515 515 515 515 
462 457 457 456 456 456 457 458 463 468 468 468 469 471 473 475 482 488 493 498 506 514 517 515 514 514 514 515 515 515 515 515 
462 457 456 456 456 456 457 457 460 464 465 464 466 465 465 470 477 484 489 497 505 513 517 515 514 514 514 514 515 515 515 515 
462 457 457 456 456 456 456 457 457 458 458 458 459 458 458 463 471 481 485 492 505 515 520 518 516 516 516 516 515 515 515 515 
462 457 456 456 456 456 456 457 456 455 455 455 456 455 454 459 468 479 483 489 503 514 518 517 516 516 516 516 516 515 515 515 
462 458 457 456 456 456 456 457 457 457 456 456 457 457 456 460 468 477 481 487 498 507 513 513 512 512 512 511 514 515 514 514 
462 459 459 459 457 456 457 457 458 458 457 457 457 458 457 457 465 473 478 483 490 498 503 506 506 506 506 505 508 510 511 513 
462 460 460 459 457 456 457 457 458 458 457 457 457 457 457 457 463 470 475 481 484 488 493 496 502 505 504 504 505 507 509 510 
462 460 460 459 457 456 457 457 458 458 457 457 457 457 457 457 462 468 472 476 481 487 491 496 501 504 504 503 503 505 507 509 
462 461 461 460 457 456 457 457 458 458 457 457 457 457 457 457 461 465 468 472 476 479 484 489 499 505 504 504 504 505 505 508 
464 463 463 463 461 459 459 459 458 457 457 457 457 457 457 456 457 460 464 467 469 474 476 481 493 502 504 503 504 505 505 506 
464 464 464 463 462 460 460 459 459 457 457 457 457 457 457 456 456 458 461 464 463 467 469 472 489 501 504 503 504 505 506 506 
464 464 464 463 462 460 460 459 459 457 457 457 457 457 457 457 456 457 459 462 460 463 465 468 487 502 504 503 504 505 506 506 
463 463 463 463 461 459 459 459 458 457 456 456 456 456 456 456 455 455 458 460 461 466 467 469 487 501 504 503 504 505 506 506 
515 515 515 515 515 515 515 515 515 515 515 515 515 515 515 514 514 514 514 514 512 512 512 512 507 498 499 490 481 473 471 473 
516 516 516 516 516 516 516 516 516 516 516 516 516 516 516 516 516 516 516 515 515 514 514 514 510 502 502 494 480 473 470 471 
516 516 516 516 516 516 516 516 516 516 516 516 516 516 516 516 515 515 515 515 515 514 514 515 513 504 505 497 484 476 473 474 
516 516 516 516 516 516 516 516 517 517 517 516 516 516 515 516 516 516 516 516 515 515 515 514 514 507 508 500 492 484 480 482 
516 516 516 516 516 516 516 516 516 517 517 517 516 516 516 516 516 516 515 515 515 515 515 515 513 513 512 504 497 489 487 492 
516 516 516 516 516 516 516 516 516 516 516 516 517 517 517 516 515 516 516 516 516 516 516 515 513 514 513 506 500 493 491 495 
516 517 517 516 516 516 516 516 517 517 517 517 517 517 517 516 516 516 516 516 516 516 516 515 513 515 514 508 503 496 495 499 
516 517 517 517 516 517 516 516 520 523 523 523 522 519 519 518 517 516 516 516 516 516 516 516 513 515 515 511 507 500 499 502 
522 528 527 527 527 527 527 527 531 535 534 532 527 523 521 520 517 516 516 516 516 516 516 516 516 515 516 516 515 513 513 514 
525 535 534 534 534 534 534 533 537 540 539 536 531 526 524 523 518 516 516 516 516 516 516 516 516 516 516 516 516 516 516 516 
529 541 540 539 539 539 539 539 540 542 541 538 533 528 525 524 518 516 516 516 516 516 516 516 516 516 516 516 516 516 516 516 
538 549 547 546 545 545 545 545 546 546 545 541 536 531 528 526 519 515 515 516 516 516 516 516 516 516 516 516 516 516 516 516 
546 550 551 553 552 550 550 550 551 551 550 546 541 535 531 529 521 516 516 514 516 516 516 516 516 516 516 516 516 516 516 517 
555 556 558 559 559 559 559 559 556 552 551 548 542 535 530 529 522 519 518 515 515 516 516 516 516 516 516 516 516 516 516 517 
560 564 565 566 564 561 562 562 558 553 552 548 541 534 530 529 524 521 520 517 516 516 516 516 516 516 516 516 516 516 516 517 
566 570 571 571 569 569 569 569 566 562 560 555 548 542 537 535 528 525 523 521 517 517 517 516 516 516 516 516 516 516 516 516 
576 583 584 583 581 579 578 579 575 570 570 568 565 561 559 558 549 539 538 534 527 521 517 519 517 516 516 516 516 516 516 516 
581 587 587 586 585 583 582 583 580 575 574 573 573 573 571 571 561 549 547 542 531 521 516 517 517 516 516 516 516 516 516 516 
580 587 588 587 585 584 584 585 582 578 578 576 576 574 573 572 563 551 549 545 533 523 518 516 517 516 516 516 516 516 516 516 
579 586 587 587 586 585 585 586 585 581 580 580 582 583 582 580 569 557 554 550 539 529 524 523 519 517 517 516 516 516 516 516 
577 583 586 585 585 584 584 585 587 588 588 588 588 589 588 589 579 566 563 552 541 530 526 526 520 517 517 517 516 516 516 516 
575 582 584 584 584 583 583 584 590 594 594 594 594 594 594 594 587 576 573 560 547 534 531 530 520 515 516 516 517 516 516 516 
576 581 583 584 584 583 583 585 591 595 594 594 594 594 594 595 589 578 576 563 551 539 535 534 523 516 517 516 515 516 516 516 
576 581 583 584 584 584 584 587 591 593 593 593 593 593 593 593 585 576 575 564 553 542 538 539 528 522 523 523 519 515 516 516 
576 579 579 579 583 585 586 588 592 594 594 594 594 594 594 595 587 577 571 561 558 549 541 541 540 538 538 530 523 518 515 517 
576 578 578 579 582 585 586 588 592 595 595 595 595 595 595 595 587 577 571 563 558 549 542 542 543 543 543 533 525 519 516 518 
576 578 578 579 582 585 586 588 592 595 595 595 595 595 595 595 587 577 572 565 560 553 546 543 545 545 545 536 526 519 516 517 
576 578 578 578 581 583 584 588 592 595 595 595 595 595 595 595 587 578 574 567 566 561 554 551 549 547 546 538 528 520 517 517 
576 577 577 578 579 581 583 584 590 595 595 595 595 595 595 595 588 581 577 573 571 567 561 557 551 547 546 538 528 520 517 518 
573 574 574 574 578 580 581 583 589 595 595 595 595 595 595 595 589 584 582 578 577 574 570 567 555 546 546 538 528 520 517 518 
574 574 574 574 577 580 581 583 589 595 595 595 595 595 595 595 590 586 585 581 581 579 575 572 556 546 546 538 528 520 517 518 
576 578 578 578 578 579 581 583 589 595 594 594 595 595 595 595 591 588 586 584 582 579 575 572 557 546 546 538 528 520 517 518 
